0.006,0.053,0.046,0.046,0.070,0.008,0.028,0.081,0.043,0.015,0.016,0.049,0.047,0.064,0.019,0.007,0.026,0.031,0.046,0.022,0.045,0.008,0.045,0.019,0.045,0.046,0.045,0.036,0.031,0.007
0.073,0.023,0.114,0.113,0.014,0.076,0.096,0.021,0.110,0.079,0.077,0.065,0.114,0.020,0.087,0.074,0.093,0.052,0.113,0.089,0.112,0.076,0.112,0.090,0.112,0.112,0.112,0.102,0.052,0.074
0.044,0.093,0.001,0.001,0.113,0.041,0.019,0.126,0.004,0.036,0.037,0.056,0.001,0.110,0.029,0.052,0.022,0.077,0.001,0.025,0.002,0.041,0.002,0.029,0.002,0.002,0.002,0.012,0.077,0.052
0.044,0.093,0.001,0.001,0.113,0.040,0.019,0.125,0.004,0.036,0.036,0.056,0.001,0.109,0.028,0.052,0.021,0.076,0.002,0.025,0.002,0.040,0.002,0.028,0.002,0.002,0.002,0.011,0.076,0.052
0.086,0.037,0.129,0.128,0.017,0.090,0.110,0.016,0.125,0.093,0.092,0.080,0.129,0.030,0.101,0.084,0.107,0.059,0.128,0.104,0.127,0.090,0.127,0.103,0.127,0.127,0.127,0.117,0.059,0.084
0.007,0.047,0.050,0.049,0.065,0.010,0.032,0.077,0.046,0.017,0.015,0.046,0.050,0.060,0.022,0.008,0.029,0.027,0.049,0.026,0.048,0.010,0.049,0.023,0.049,0.049,0.049,0.039,0.027,0.008
0.027,0.075,0.018,0.018,0.095,0.023,0.002,0.108,0.015,0.020,0.023,0.048,0.018,0.092,0.012,0.035,0.005,0.059,0.018,0.008,0.017,0.023,0.017,0.011,0.017,0.018,0.017,0.012,0.059,0.035
0.020,0.046,0.062,0.061,0.057,0.023,0.044,0.065,0.058,0.029,0.030,0.060,0.062,0.049,0.034,0.012,0.041,0.018,0.061,0.037,0.060,0.023,0.061,0.035,0.061,0.061,0.061,0.051,0.018,0.012
0.045,0.093,0.001,0.001,0.114,0.041,0.020,0.126,0.004,0.037,0.037,0.056,0.000,0.110,0.029,0.053,0.022,0.077,0.002,0.026,0.002,0.041,0.002,0.029,0.003,0.002,0.003,0.012,0.077,0.053
0.013,0.060,0.034,0.033,0.080,0.009,0.018,0.092,0.030,0.003,0.006,0.039,0.034,0.076,0.010,0.020,0.014,0.043,0.033,0.011,0.032,0.009,0.032,0.014,0.032,0.033,0.032,0.022,0.043,0.020
0.018,0.043,0.061,0.060,0.057,0.021,0.043,0.066,0.057,0.027,0.025,0.052,0.061,0.050,0.033,0.011,0.040,0.018,0.060,0.036,0.059,0.021,0.060,0.033,0.059,0.060,0.059,0.049,0.018,0.011
0.063,0.027,0.088,0.088,0.034,0.065,0.077,0.048,0.085,0.061,0.057,0.035,0.089,0.038,0.070,0.070,0.073,0.054,0.087,0.070,0.087,0.065,0.087,0.074,0.086,0.087,0.086,0.077,0.054,0.070
0.044,0.093,0.001,0.001,0.113,0.041,0.020,0.126,0.004,0.036,0.037,0.056,0.001,0.110,0.029,0.052,0.022,0.077,0.001,0.025,0.002,0.041,0.002,0.029,0.002,0.002,0.002,0.012,0.077,0.052
0.011,0.054,0.052,0.052,0.069,0.014,0.034,0.076,0.048,0.020,0.022,0.053,0.052,0.060,0.024,0.004,0.031,0.028,0.051,0.027,0.051,0.014,0.051,0.025,0.051,0.051,0.051,0.041,0.028,0.004
0.019,0.068,0.025,0.025,0.088,0.016,0.009,0.101,0.022,0.013,0.016,0.044,0.025,0.085,0.004,0.027,0.007,0.052,0.025,0.004,0.024,0.016,0.024,0.007,0.024,0.025,0.024,0.017,0.052,0.027
0.012,0.055,0.053,0.053,0.069,0.015,0.035,0.076,0.049,0.021,0.023,0.055,0.053,0.060,0.025,0.004,0.032,0.028,0.052,0.029,0.052,0.015,0.052,0.026,0.052,0.052,0.052,0.042,0.028,0.004
0.029,0.077,0.016,0.016,0.097,0.025,0.005,0.110,0.013,0.021,0.023,0.050,0.016,0.094,0.013,0.037,0.006,0.061,0.016,0.010,0.015,0.025,0.015,0.013,0.015,0.016,0.015,0.013,0.061,0.037
0.048,0.022,0.087,0.087,0.034,0.051,0.071,0.047,0.083,0.053,0.051,0.039,0.087,0.037,0.062,0.050,0.067,0.027,0.086,0.064,0.085,0.051,0.086,0.065,0.085,0.086,0.085,0.076,0.027,0.050
0.045,0.093,0.001,0.001,0.114,0.041,0.020,0.126,0.004,0.036,0.037,0.056,0.001,0.110,0.029,0.052,0.022,0.077,0.002,0.026,0.002,0.041,0.002,0.029,0.003,0.002,0.003,0.012,0.077,0.052
0.019,0.068,0.026,0.025,0.088,0.016,0.009,0.100,0.022,0.012,0.015,0.042,0.026,0.084,0.005,0.027,0.006,0.051,0.025,0.002,0.024,0.016,0.025,0.006,0.025,0.025,0.025,0.016,0.051,0.027
0.044,0.093,0.001,0.001,0.113,0.040,0.019,0.126,0.004,0.036,0.036,0.056,0.001,0.109,0.029,0.052,0.021,0.076,0.002,0.025,0.002,0.040,0.002,0.028,0.002,0.002,0.002,0.012,0.076,0.052
0.014,0.064,0.030,0.030,0.084,0.011,0.014,0.096,0.027,0.008,0.012,0.045,0.030,0.079,0.008,0.022,0.010,0.047,0.030,0.007,0.029,0.011,0.029,0.009,0.029,0.030,0.029,0.020,0.047,0.022
0.044,0.093,0.001,0.001,0.113,0.040,0.019,0.126,0.004,0.036,0.036,0.056,0.001,0.109,0.028,0.052,0.021,0.076,0.002,0.025,0.002,0.040,0.002,0.028,0.002,0.002,0.002,0.011,0.076,0.052
0.004,0.053,0.043,0.043,0.072,0.005,0.025,0.083,0.040,0.011,0.012,0.045,0.044,0.067,0.016,0.010,0.023,0.034,0.043,0.019,0.042,0.005,0.042,0.016,0.042,0.043,0.042,0.032,0.034,0.010
0.045,0.093,0.001,0.001,0.114,0.041,0.020,0.126,0.004,0.037,0.037,0.056,0.000,0.110,0.029,0.053,0.022,0.077,0.002,0.026,0.002,0.041,0.002,0.029,0.003,0.002,0.003,0.012,0.077,0.053
0.045,0.094,0.001,0.001,0.114,0.041,0.020,0.127,0.005,0.037,0.037,0.057,0.001,0.110,0.030,0.053,0.022,0.077,0.002,0.026,0.003,0.041,0.003,0.029,0.003,0.002,0.003,0.013,0.077,0.053
0.045,0.093,0.001,0.001,0.113,0.041,0.020,0.126,0.004,0.036,0.037,0.056,0.001,0.110,0.029,0.052,0.022,0.077,0.002,0.026,0.002,0.041,0.002,0.029,0.002,0.002,0.003,0.012,0.077,0.052
0.044,0.093,0.001,0.001,0.113,0.041,0.019,0.126,0.004,0.036,0.037,0.056,0.001,0.110,0.029,0.052,0.022,0.077,0.001,0.025,0.002,0.041,0.002,0.029,0.002,0.002,0.002,0.012,0.077,0.052
0.020,0.058,0.061,0.060,0.071,0.024,0.043,0.076,0.057,0.030,0.031,0.063,0.061,0.060,0.033,0.011,0.041,0.029,0.060,0.037,0.059,0.024,0.060,0.034,0.060,0.060,0.060,0.051,0.029,0.011
0.010,0.049,0.052,0.052,0.066,0.013,0.034,0.076,0.048,0.019,0.020,0.051,0.052,0.059,0.024,0.004,0.032,0.027,0.051,0.028,0.051,0.013,0.051,0.025,0.051,0.051,0.051,0.041,0.027,0.004
