83,91,108,81,83,129,64,10,6,3,17,4,4,4,99,123,7,13,112,106,106,106,106,10,8,9,8,9,128,106,102,106,16,8,8,8,106,96,95,101,101,123,9,106,103,106,106,106,6,6,7,7,13,9,8,8,8,9,106,8,86,106,87,106,4,9,5,8,102,8
96,64,112,85,93,10,7,5,6,106,125,106,125,106,8,13,9,13,8,106,8,126,107,110,15,9,9,100,7,104,8,95,95,95,94,94,94,6,6,6,6,6,6,76,75,74,74,3,3,3,3
81,102,103,141,4,9,9,23,106,98,123,106,8,7,13,8,106,112,96,8,10,6,95,6,106,99,106,8,7,8,106,106,8,8,115,102,106,10,106,105,99,8,9,8,8,7,101,102,102,101,7,8,8,7,83,4
95,105,48,3,9,136,6,106,99,21,8,7,82,103,99,4,8,7,130,98,109,106,17,7,9,8,106,106,117,113,9,8,12,10,106,106,98,100,92,106,8,8,7,7,6,8,125,94,6,13,93,6,91,5
109,95,96,86,80,64,88,5,10,4,6,3,7,7,112,124,123,10,12,14,116,90,99,106,106,12,5,7,9,8,105,84,106,101,8,8,4,7,126,96,111,14,6,9,106,8,82,90,94,93,4,5,6,88,88,6,87,86,86,5,5,5,4,4,76,3
131,95,64,18,6,106,88,106,9,9,5,106,111,93,8,10,6,115,10,100,95,91,122,7,6,5,13,106,86,9,4,83,106,4,8,106,106,9,8,97,7,83,80,79,78,78,4,3,3,3,3
85,81,100,85,116,95,100,137,76,87,90,102,98,86,5,4,11,6,7,21,8,3,7,4,6,4,7,5,106,106,121,9,8,12,109,106,126,89,115,86,9,9,15,5,10,5,106,83,96,106,8,4,6,8,94,93,6,6,98,102,98,7,8,7,87,87,5,5
106,108,101,78,72,121,94,106,9,3,8,3,8,12,6,8,85,122,106,96,106,99,4,13,8,6,9,7,119,131,106,101,12,126,17,8,8,94,95,113,98,106,14,6,6,10,7,8,106,104,106,8,8,9,76,3
98,62,32,40,7,44,45,92,38,23,35,41,43,41,39,33,43,20,33,25,41,38,102,78,98,93,87,82,38,30,80,89,37,37,41,37,41,41,80,83,33,41,34,41,41,24,41,36,36,36,35,35,34,33,24,83,21,76,62,4
101,104,75,36,16,36,42,45,31,41,81,39,86,60,35,41,132,41,82,41,41,50,28,41,24,41,28,73,111,48,45,105,42,29,98,39,48,45,41,47,41,47,41,42,24,46,41,87,100,94,100,100,91,85,88,27
85,77,5,3,112,106,106,86,106,102,106,106,10,8,8,4,8,8,8,8,106,106,123,106,120,105,8,8,13,9,11,8,106,9,98,106,110,128,124,106,106,118,111,120,112,7,8,9,16,13,9,9,12,9,12,10,106,98,8,7,106,9,110,82,9,4,95,95,95,94,94,6,6,6,6,6,78,77,75,3,3,3
103,96,8,106,7,106,82,9,8,4,85,4,82,118,126,121,4,11,14,12,107,9,125,14,106,101,106,106,102,8,7,9,106,8,8,82,106,110,101,106,93,86,106,92,9,4,8,9,7,8,6,4,9,6,102,102,102,102,102,101,8,8,8,8,8,7
93,91,117,76,62,108,69,102,124,8,14,7,11,10,3,3,6,123,106,106,115,99,115,93,13,106,106,141,9,8,10,7,10,6,8,9,24,93,93,88,106,106,107,6,6,5,9,9,9,106,9,106,118,8,11,106,106,109,108,8,8,9,9,100,7,80,79,78,77,3,3,3,3
82,73,86,86,86,87,85,85,85,63,6,4,129,3,3,5,4,4,5,4,5,16,123,101,102,106,106,99,13,7,8,8,7,8,125,82,106,99,106,88,13,4,8,7,8,5,106,93,96,8,112,6,6,106,102,106,10,8,8,9,93,103,102,102,102,6,8,8,8,8,92,6,83,82,80,78,77,4,4,3,3,3
43,86,75,107,87,126,74,115,75,10,4,16,6,3,4,3,12,104,5,125,8,14,106,112,112,9,10,10,106,97,104,92,8,7,8,6,106,9,106,106,9,8,119,106,12,9,97,106,106,82,7,8,8,4,88,87,86,86,86,86,86,85,5,5,4,4,4,4,4,4
83,118,95,70,92,13,6,3,4,7,95,6,106,93,110,9,6,8,106,82,106,9,4,9,106,8,88,109,80,106,91,106,122,5,9,3,9,5,8,99,106,106,12,106,116,106,82,7,9,9,8,10,9,4,106,96,109,93,107,106,8,7,9,6,9,8,82,82,4,4,94,92,92,6,6,6,85,84,83,83,4,4,4,4
85,79,83,110,4,4,4,9,136,106,120,87,20,9,11,5,106,98,120,106,8,7,12,8,106,8,97,106,106,96,7,8,8,7,106,9,103,103,102,102,93,94,101,101,8,8,8,8,6,97,6,7,7,94,94,93,7,6,6,6,87,87,87,86,86,85,85,5,5,5,5,4,4,4,56,49,43
109,85,89,51,98,82,87,94,87,5,5,5,7,7,3,10,5,5,106,125,88,102,96,82,9,14,5,8,6,4,106,96,8,101,106,98,106,116,6,84,7,8,7,8,10,4,105,8,106,9,106,103,132,106,104,9,8,18,8,8,96,102,102,6,8,8,83,83,82,78,77,76,4,4,4,3,3,3,46,41,36
79,78,49,94,123,126,125,85,14,16,15,3,3,4,6,106,92,115,89,8,6,10,5,122,92,135,106,122,106,13,6,19,8,12,8,106,9,107,109,126,90,106,106,9,9,14,5,9,9,106,106,86,100,106,8,9,4,7,9,106,8,95,91,94,6,90,5,6,5
86,74,5,4,87,106,117,126,5,8,12,14,106,82,8,4,106,106,8,8,95,106,106,119,106,6,8,9,12,9,106,117,82,95,106,106,87,106,8,11,4,6,8,9,5,8,95,95,94,93,6,6,6,6,53,51,36,32
105,93,106,63,113,84,103,92,142,5,9,6,7,8,10,8,23,100,106,106,7,8,8,106,106,106,106,9,9,8,9,104,8,94,106,106,97,6,8,8,7,113,106,106,82,106,101,106,102,10,9,8,4,7,8,8,8,117,106,106,101,106,101,12,9,9,7,8,7,101,100,7,7,90,5,83,4
75,96,82,82,4,6,3,4,106,99,9,7,82,97,103,4,122,125,122,7,8,12,15,111,13,106,90,9,9,5,132,111,18,9,82,106,4,8,122,82,86,125,82,12,4,4,13,4,93,85,106,6,4,8,82,107,4,9,104,104,102,102,82,82,8,8,8,8,4,4,93,6,91,90,5,5
90,120,96,94,87,91,6,5,11,5,6,7,107,106,82,93,9,9,4,6,93,123,106,93,6,13,8,6,106,106,135,8,9,19,122,13,109,106,106,106,100,106,106,9,9,8,9,7,8,8,88,88,5,5,77,74,74,72,3,3,3,3
113,90,92,96,7,11,7,6,99,106,106,7,9,8,106,106,100,8,9,7,125,124,13,14,106,107,8,9,99,122,122,106,7,13,13,8,102,102,92,101,8,8,6,7,82,80,78,78,4,3,3,3
95,93,66,73,82,93,85,75,7,3,6,6,4,4,4,89,106,93,5,9,6,107,106,124,9,8,14,98,97,111,7,7,9,106,8,115,10,87,104,104,104,104,103,103,102,5,8,8,8,8,8,8,97,8,97,7,7,89,88,88,5,5,5,80,79,79,78,3,3,3,3,55,38
90,96,37,36,37,33,34,6,19,40,28,4,22,35,22,30,31,42,41,100,72,89,84,82,47,44,46,42,41,41,81,41,99,37,90,94,41,42,89,29,37,52,41,45,95,118,86,38,31,82,84,73,24,29,29,67
86,81,91,81,100,96,96,95,115,123,106,96,6,4,82,7,8,4,106,7,4,7,10,12,8,6,4,8,111,110,111,116,106,10,9,10,10,8,106,121,9,11,88,126,82,106,5,15,4,8,106,106,8,8,106,122,95,106,8,12,6,8,106,8,92,103,104,95,6,8,8,6,90,89,5,5,77,76,76,3,3,3
86,94,96,96,74,122,93,127,47,106,13,7,3,16,6,9,6,6,4,106,106,106,118,87,138,8,8,8,12,5,21,107,118,106,106,106,9,12,8,9,8,106,106,106,95,106,8,8,9,6,8,86,4,115,106,115,82,10,10,8,4,104,104,103,102,102,8,8,8,97,8,8,96,7,6,79,79,3,3,55,49,41
86,71,73,98,101,3,3,8,5,113,8,98,10,7,106,96,101,9,6,7,126,130,106,106,106,101,98,129,123,116,88,15,17,8,9,7,8,7,16,13,10,5,101,128,111,106,106,7,16,9,9,9,91,96,97,5,6,7,79,76,3,3
96,39,1,39,28,41,42,42,41,58,39,34,24,90,41,41,41,40,131,41,75,87,84,43,50,40,41,40,41,41,91,97,76,37,107,41,42,41,38,40,85,85,90,84,41,44,41,39,41,93,87,91,30,29,29
6,92,106,6,8,106,106,106,8,9,8,102,124,8,14,106,8,106,8,94,106,98,6,9,7,103,103,102,102,8,8,8,8,96,95,93,6,6,6,88,87,87,86,5,5,5,4,50,49,45,45
80,104,80,6,6,27,20,44,10,37,49,86,49,105,47,41,41,41,24,41,43,41,41,31,41,30,41,33,99,41,41,41,43,100,69,77,92,36,35,39,39,36,36,35,35,35,82,8,8,4,4
124,61,91,16,17,38,27,52,74,44,41,40,41,48,48,41,41,47,106,106,108,90,83,32,43,41,50,41,48,50,46,43,31,36,44,50,91,119,41,41,38,97,75,70,94,97,77,88,91,109,100,37,37,37,37,36,36,75,20,19,19,4
90,93,91,64,47,77,3,6,4,5,6,120,95,12,6,106,8,95,96,107,87,106,96,6,6,9,5,8,6,122,12,106,93,125,119,8,6,14,11,82,106,4,8,87,77,109,82,106,109,102,5,3,9,4,9,9,8,94,96,6,6,87,87,87,87,85,5,5,5,5,4
96,95,106,84,102,83,85,45,80,106,8,107,5,106,5,5,9,6,3,6,8,9,8,143,100,24,92,7,82,106,106,106,102,6,4,8,9,9,8,98,110,126,7,9,15,106,106,102,106,106,9,9,8,8,8,106,106,97,106,101,101,90,106,82,104,9,8,7,8,7,7,5,9,4,8,106,106,9,8,106,8,106,9,87,87,86,5,5,4
74,48,74,58,67,68,64,47,112,95,75,100,7,3,4,99,10,3,3,3,7,7,106,133,106,106,8,18,9,8,109,99,90,85,9,127,7,5,91,4,87,125,106,15,5,5,14,9,106,123,106,106,106,96,9,12,9,8,8,7,104,103,103,102,86,101,100,100,8,8,8,8,4,7,7,7,93,6,51,47,41
84,73,75,67,4,3,3,4,106,104,94,8,8,6,108,106,117,106,84,111,106,120,9,9,12,9,4,9,8,12,93,6,108,106,106,106,106,106,125,106,106,106,9,9,8,8,9,8,14,8,9,8,126,98,15,7,94,106,6,8,96,96,95,94,94,6,6,6,6,6,77,77,75,3,3,3
82,75,4,3,97,124,7,13,94,106,6,8,106,106,96,98,106,131,91,9,9,7,7,9,17,114,5,106,118,10,8,11,92,106,6,8,99,106,122,7,8,13,110,106,82,116,115,9,9,4,10,10,94,6,97,95,95,95,94,93,93,7,6,6,6,6,6,6,60,55,48,48,42
41,43,95,49,103,122,96,7,106,12,8,6,9,106,96,8,6,106,8,106,106,102,82,106,9,8,4,8,8,127,15,106,89,9,5,115,100,117,85,106,106,115,10,7,106,12,4,8,9,10,8,93,6,82,80,80,4,3,3,37,36
85,94,81,79,7,5,106,3,3,106,9,8,98,93,98,7,6,7,106,106,106,9,8,8,106,105,110,134,106,8,8,9,19,8,85,4,100,111,92,7,9,6,102,102,101,101,8,8,7,7,82,82,4,4
75,87,96,77,83,88,85,7,5,5,5,3,3,5,86,105,5,104,8,106,106,8,106,106,92,106,9,125,8,9,8,6,8,14,106,93,124,9,6,14,104,106,8,8,110,126,9,15,86,106,95,4,8,6,106,110,8,9,103,102,96,101,8,8,6,96,7,7
83,128,85,62,83,95,111,49,103,82,4,88,107,106,3,5,4,99,10,4,8,16,6,5,9,8,7,86,4,120,107,106,11,9,8,106,8,109,109,9,9,86,97,95,130,106,106,102,123,4,7,6,17,8,8,8,13,108,106,9,9,99,7,106,106,8,8,82,87,87,86,86,86,4,5,5,4,4,4
100,97,94,88,85,131,99,5,8,106,5,7,18,7,6,106,9,9,101,7,97,7,128,106,101,16,8,7,106,103,91,112,106,106,93,8,8,5,10,8,94,8,106,6,106,101,86,106,106,106,122,102,6,8,8,7,4,9,8,9,13,8,106,117,95,8,11,6,109,88,109,9,5,9,101,100,7,7,93,6,85,4
85,96,95,124,96,51,106,4,6,9,7,13,6,119,98,106,12,7,8,106,106,84,102,8,9,106,105,4,8,9,8,124,96,106,122,96,106,106,13,6,8,13,6,8,8,106,8,116,90,122,125,12,5,12,14,104,106,125,106,106,8,8,13,8,8,117,122,11,12,106,110,8,9,104,87,102,102,101,101,101,100,8,5,8,8,7,7,7,93,7,95,6,6
36,34,112,81,66,47,8,27,14,27,39,18,14,27,48,30,90,41,49,41,41,90,41,106,41,34,41,91,41,49,42,41,103,89,41,41,40,40,31,37,37,40,40,37,37,37,83,32,74,21,20,72,65,6
73,89,122,85,74,85,101,93,85,95,3,6,7,3,6,5,5,12,4,7,107,106,106,93,106,9,8,9,6,8,106,106,106,9,8,8,106,9,106,8,106,8,116,111,106,106,10,9,8,9,103,96,102,82,8,6,98,8,4,97,7,7,47,47,47
89,94,62,52,98,95,83,85,145,103,106,5,106,5,3,8,8,5,25,3,7,7,8,8,106,106,8,9,106,106,106,106,106,106,8,8,8,8,9,9,113,95,106,106,10,6,9,8,113,82,106,106,10,4,9,8,94,103,98,98,106,106,118,6,8,7,7,8,8,11,106,8,106,8,106,106,106,106,112,8,8,9,9,10,87,82,86,5,4,4
78,74,74,106,4,3,4,9,100,122,106,82,7,13,8,4,106,124,116,106,104,121,97,9,14,10,106,8,8,106,106,12,121,108,106,7,8,8,9,12,9,9,106,106,122,9,8,13,104,102,102,101,8,8,8,7,93,6,51,41
102,89,84,80,84,79,85,8,6,5,4,4,4,4,106,86,9,4,96,106,97,128,6,9,7,16,94,106,106,6,9,8,106,96,107,8,6,9,117,12,82,110,106,4,9,8,96,93,6,6,87,86,85,85,5,4,4,4
90,85,49,4,46,31,15,28,35,100,82,111,41,36,41,45,41,47,34,54,41,47,82,104,125,72,90,93,42,49,36,49,33,32,41,31,41,29,41,29,41,94,73,74,106,93,35,37,33,19,19,18,69
96,85,145,53,109,117,87,93,104,94,149,107,133,92,7,12,5,5,10,105,19,7,6,27,9,6,8,24,8,106,8,106,106,106,8,9,8,115,126,106,106,106,10,15,8,8,8,106,97,126,9,7,15,106,94,122,8,6,13,95,106,106,6,8,8,94,94,82,82,93,92,6,6,4,4,6,6,82,79,4,3,10
102,72,87,69,85,90,99,6,3,3,4,8,7,5,106,110,8,106,9,106,106,106,106,8,9,9,9,8,106,88,93,134,9,5,19,6,106,126,106,8,15,8,93,123,95,110,106,104,113,103,103,106,6,13,6,9,8,8,10,106,8,8,8,103,100,9,8,7,97,7,89,5
91,42,27,38,36,47,4,41,40,37,41,36,35,41,43,41,107,97,36,41,86,41,86,84,49,41,41,41,41,41,47,41,41,40,41,41,41,33,41,47,41,46,43,90,100,82,103,94,88,90,41,34,46,84,108,73,30,30,30,29,29,29,29,67
85,101,93,72,85,84,100,7,3,4,4,8,7,4,106,86,8,4,94,106,106,6,8,8,106,106,106,8,8,8,88,117,106,106,5,11,8,8,109,106,106,9,8,8,97,85,94,94,93,7,4,6,6,6,88,87,82,86,86,86,86,86,5,5,4,4,4,4,4,4
82,84,80,84,85,27,31,36,28,38,39,78,46,20,33,38,26,37,107,34,47,43,98,108,24,42,41,47,38,41,41,44,45,92,41,41,35,42,84,100,39,24,84,36,36,35,35,85,88,28,27,27,27,74,26,82,4
87,122,75,90,94,5,3,106,12,5,6,8,92,106,6,8,106,119,8,12,107,104,85,106,9,8,4,8,106,106,106,8,8,8,86,102,100,123,106,115,102,106,4,8,7,12,8,10,8,8,109,118,82,105,9,12,4,8,83,75,4,3
88,63,114,5,10,123,122,13,13,132,106,18,106,8,110,8,9,93,106,6,106,106,106,9,106,122,8,8,8,8,13,118,12,102,102,102,8,8,8,95,95,95,6,6,6,88,83,5,4,60,43
98,99,100,113,87,108,100,117,75,86,50,8,10,3,8,12,5,5,4,11,7,7,107,85,9,4,106,96,8,6,82,4,92,106,106,137,6,8,8,20,111,111,95,9,9,6,99,107,119,7,11,9,106,104,106,106,9,8,9,8,33,33
15,37,99,90,111,34,37,50,35,41,8,41,41,46,41,41,30,89,65,99,38,41,34,41,37,39,89,75,86,29,45,45,41,45,40,40,40,40,40,40,96,94,37,92,20,20,20,73,6,6,6,4,4,4,4
78,3,95,82,6,4,82,106,106,110,111,4,8,8,9,9,106,9,95,106,106,6,8,8,107,106,106,106,120,106,9,9,8,9,12,9,114,10,96,95,94,93,93,85,6,6,6,6,6,4,61,50,45,38
72,77,114,78,91,3,3,3,6,10,112,112,106,106,10,10,8,8,102,106,123,123,106,8,8,14,13,9,85,106,112,106,93,4,9,10,8,126,6,106,106,106,15,8,8,9,106,106,86,110,8,9,4,9,95,95,94,94,90,6,90,6,6,6,5,5,78,75,3,3
69,86,72,95,77,106,3,4,7,3,4,8,106,106,106,9,8,8,87,129,106,122,104,88,106,5,16,13,9,8,5,8,92,96,6,6,87,105,5,8,104,104,8,8,93,95,6,6,90,86,86,86,5,83,4,4,4,4
84,102,83,127,104,105,93,98,95,93,53,92,88,42,7,6,5,9,7,8,4,9,6,16,9,7,106,9,106,8,107,87,9,5,101,126,82,106,7,15,4,106,98,8,106,123,122,9,7,8,13,13,97,102,101,7,8,7,82,78,77,76,4,3,3,3
78,34,27,38,43,39,35,43,41,32,98,41,24,41,30,41,87,91,87,41,41,50,73,38,41,40,92,107,36,41,41,37,41,41,44,41,41,35,85,46,41,41,41,41,39,41,45,39,90,95,39,39,95,37,36,76,82,78,73
75,88,73,67,20,4,3,3,5,106,8,106,124,106,13,8,8,111,106,9,8,106,107,106,106,9,9,8,8,106,106,106,106,8,9,9,8,110,96,109,106,106,9,6,8,9,9,93,6,82,4,51,26
99,91,102,105,91,102,84,103,8,8,124,7,8,4,6,90,8,5,103,13,5,8,106,106,8,8,107,106,106,9,100,9,8,106,7,8,86,4,106,106,102,8,8,8,106,8,119,107,12,9,106,106,98,9,8,7,12
52,96,88,138,92,5,7,22,6,128,108,110,82,16,9,9,4,101,106,106,99,8,9,8,7,106,93,113,8,6,10,106,119,93,8,11,6,95,102,95,102,100,100,6,8,6,8,7,7,47,37
95,110,54,88,99,82,85,5,5,4,125,10,6,7,14,122,12,106,8,106,8,106,98,122,122,106,87,106,9,7,13,12,8,5,9,96,6,92,98,123,106,106,102,6,7,13,8,8,8,106,112,9,10
91,87,106,94,106,6,9,5,6,8,92,96,106,6,9,6,131,95,17,6,101,7,125,106,97,14,8,7,106,106,106,104,116,93,9,8,8,8,10,6,106,110,104,9,9,8,122,13,101,82,7,4
79,117,69,106,136,83,93,122,94,96,94,7,5,21,6,6,3,4,13,6,9,11,93,6,101,124,124,106,7,14,14,9,94,95,95,99,6,6,6,7,104,106,106,106,102,8,8,8,8,8,97,97,93,95,7,7,6,6,87,85,5,4
86,92,6,92,7,6,4,106,97,90,106,106,9,7,5,8,8,97,7,93,6,108,96,106,114,89,9,6,9,10,5,106,109,100,9,9,7,102,8,97,97,96,94,82,93,7,7,6,6,4,6,87,87,85,5,5,4
105,90,38,38,29,43,52,38,36,38,89,41,41,35,41,44,121,40,38,41,91,87,83,41,24,41,41,31,40,39,36,24,42,47,46,39,40,41,41,84,105,89,41,27,37,86,41,41,41,88,39,80,84,92,93,35,88,27,26,14,71,14
56,82,94,90,78,80,105,98,99,8,9,4,3,8,4,106,4,109,106,6,5,82,9,9,8,4,93,123,6,12,113,109,10,9,106,106,106,8,9,9,97,106,101,106,94,7,8,8,8,6,106,105,106,97,98,8,8,7,9,7,110,91,106,106,9,5,8,8,101,7,93,93,6,6,75,82,82,3,4,4,72,62,62,3
68,75,89,88,106,101,82,5,9,3,6,8,4,3,106,122,9,13,111,107,9,9,106,92,107,82,8,6,9,4,123,106,104,12,8,8,106,9,102,106,8,92,102,97,84,106,84,109,99,8,6,8,7,4,8,4,9,7,88,88,5,5,76,75,72,3,3,3
90,92,87,87,89,98,127,92,63,120,87,89,98,5,6,5,106,8,8,104,6,106,3,5,6,6,5,12,14,9,8,8,106,112,8,10,130,106,115,17,86,8,10,4,103,8,78,77,76,74,3,3,3,3
83,85,119,86,98,73,79,86,88,5,4,7,5,5,12,4,3,5,106,106,123,88,115,8,8,14,5,10,106,120,95,8,12,6,129,110,83,106,16,9,4,8,111,9,106,106,8,9,111,111,93,102,109,101,93,95,9,9,6,8,9,7,6,6
108,106,106,133,100,86,10,103,9,19,106,8,106,5,9,8,9,8,106,124,95,117,8,6,14,11,122,108,106,124,13,9,8,14,93,90,6,5,87,87,86,5,5,4,80,79,76,75,74,3,3,3,3,3
85,106,68,53,74,98,109,100,95,48,106,106,82,106,3,110,10,106,8,3,9,4,6,7,3,8,8,4,8,9,9,106,97,106,9,7,9,125,101,106,13,8,8,106,120,106,106,108,106,103,106,106,106,9,12,8,9,9,9,8,9,9,9,105,90,121,112,106,82,106,108,110,8,5,10,12,8,9,4,9,9,104,8,106,9,87,86,5,4
125,118,87,57,83,124,77,82,64,81,6,14,15,3,4,3,4,4,12,119,82,106,97,4,12,9,7,122,93,106,13,6,8,100,113,106,93,106,85,7,10,8,6,8,4,117,12,103,102,8,8,86,4
96,90,81,99,82,102,85,98,86,85,49,86,82,7,106,130,106,7,106,8,5,5,4,6,4,4,3,5,4,8,17,8,8,106,8,109,106,106,106,8,9,9,8,106,8,109,100,106,9,7,8,106,106,111,8,8,10,104,93,103,103,8,6,8,8,78,77,76,3,3,3,57
106,108,75,110,58,74,3,3,3,9,9,8,104,106,8,8,106,106,106,94,106,8,9,8,6,8,106,9,106,115,106,9,10,8,103,8,97,96,96,95,7,6,6,6,86,83,83,83,4,4,4,4
87,73,101,37,31,20,78,23,22,35,28,40,83,49,87,42,91,90,95,35,48,44,42,101,41,45,41,94,36,92,45,44,41,36,37,40,41,98,81,98,33,41,91,41,79,86,39,39,39,74,35,35,81,79,27,26,25,25,25,8
27,27,26,37,66,47,31,74,41,50,40,38,41,47,76,85,87,100,108,86,41,47,37,41,41,98,84,40,39,40,40,39,37,37,37,36,36,36,90,90,87,30,30,30,29,29,28,28,79,70,47,8,6,6,33,6
117,108,91,87,106,89,106,6,5,12,9,9,9,6,113,10,117,12,106,106,93,9,8,6,123,98,13,7,106,106,116,82,106,8,9,10,4,9,85,94,94,94,94,94,93,4,6,6,6,6,6,6
105,75,75,119,112,106,3,3,88,9,10,12,8,5,106,106,82,106,106,9,9,4,9,8,106,111,106,98,8,9,8,7,95,6,119,106,89,111,106,106,106,106,12,8,5,10,8,8,9,9,100,7
93,101,115,75,89,84,106,80,83,99,11,106,7,9,4,4,5,6,4,7,7,8,106,123,91,106,8,13,5,9,106,101,99,90,7,8,7,5,124,91,13,5,102,8,88,88,87,87,86,86,82,86,5,5,5,5,4,4,4,4,80,80,79,78,78,77,75,3,3,3,3,3,3,3
80,54,82,83,135,92,94,103,92,6,4,4,9,5,20,6,106,6,111,116,106,8,10,10,8,103,8,116,106,9,10,113,10,96,106,6,9,97,110,106,106,109,7,8,9,9,9,90,88,5,5,82,4
91,62,83,107,88,99,47,93,6,4,9,102,7,5,5,8,106,106,106,88,8,9,112,92,8,5,10,102,6,100,110,122,124,8,7,9,12,14,106,8,106,104,103,99,8,8,8,7,106,106,106,8,8,9,82,88,87,4,5,83,5,80,79,4,3,3
70,128,39,88,99,73,90,65,90,100,93,3,106,3,87,93,6,8,7,3,5,5,16,5,8,5,6,110,9,106,96,103,8,6,8,82,106,90,106,131,4,9,5,8,17,106,115,84,8,10,4,114,93,10,6,96,6
101,82,79,6,92,123,122,107,102,9,106,106,6,4,13,13,3,7,8,8,8,106,106,106,8,8,9,122,100,12,7,106,8,93,106,98,123,106,82,122,101,106,106,6,9,7,13,8,4,12,9,7,8,106,106,9,9,94,6,79,3,33
67,53,55,103,93,85,49,63,82,102,104,8,4,93,9,3,6,4,8,6,96,106,106,93,108,6,8,8,6,9,106,126,116,9,15,11,99,106,106,7,8,8,101,93,103,7,6,8,84,83,79,79,78,78,77,4,4,3,3,3,3,3,48
102,79,64,99,113,8,8,106,3,3,10,8,106,85,9,4,106,8,106,106,106,9,9,9,106,106,97,106,106,100,97,95,8,8,7,9,8,7,7,6,106,106,88,8,106,9,5,106,122,8,8,13,65,56
101,86,92,106,116,113,82,83,100,102,103,107,89,92,90,6,12,4,7,7,8,97,9,5,7,4,8,7,8,10,5,7,106,98,8,7,96,106,6,8,97,106,106,7,8,8,91,5,106,106,9,8,106,105,104,9,8,8,94,93,92,90,6,6,6,5,82,79,79,4,3,3
73,127,3,135,15,122,106,127,106,19,13,9,15,9,106,8,127,97,104,14,7,8,92,82,6,90,4,106,105,5,8,8,106,8,105,106,8,110,110,99,8,9,9,7,103,102,92,100,8,8,6,7,83,83,4,4
91,107,118,81,88,9,5,106,125,12,3,6,8,14,106,87,106,8,106,100,5,9,8,7,88,106,5,9,106,9,106,100,106,9,7,8,103,98,106,8,7,9,101,100,7,7,91,89,87,5,5,83,83,5,79,77,4,4,3,3
104,126,57,102,87,85,9,5,9,3,106,16,106,4,106,9,9,85,9,106,4,8,106,106,106,125,8,8,95,8,14,6,106,106,106,120,9,8,8,12,102,125,8,13,103,102,101,8,8,8,93,6,79,77,74,3,3,3,45,36
84,57,78,62,77,93,128,95,3,7,16,3,6,3,4,106,96,9,93,106,106,6,125,6,124,9,106,8,106,14,14,8,9,125,110,104,112,14,8,9,10,93,6,106,117,8,11,106,93,8,6,92,94,106,116,6,6,9,10,106,9,104,103,96,102,102,101,101,8,8,6,8,8,7,74,7,93,3,6
77,49,58,93,7,106,106,3,97,3,9,8,7,142,140,106,23,23,9,82,4,120,106,105,11,8,8,106,106,94,82,122,9,8,6,13,4,106,91,124,9,5,93,106,14,106,6,8,8,106,106,8,8,93,6,85,82,4,4,64,54
82,39,24,33,6,1,43,43,40,41,41,95,41,41,31,44,37,34,36,41,40,48,43,48,83,91,89,79,90,72,107,41,103,40,40,42,91,41,41,41,41,41,73,80,24,31,30,27,27,22,21,20,67,63
77,82,62,75,18,3,28,66,8,10,35,27,16,41,37,37,35,41,35,49,48,41,41,41,46,41,49,41,112,39,24,108,100,82,46,97,100,41,34,36,41,45,41,34,41,41,40,39,39,91,39,39,37,37,35,82,82,78,63
99,57,109,125,29,38,42,6,37,38,43,52,39,38,98,41,41,41,47,24,41,45,86,39,46,93,101,90,35,82,41,50,41,41,41,41,40,36,41,29,47,39,39,41,46,37,45,108,83,100,24,29,80,96,39,39,36,28,78,80,25,16,48
87,115,95,107,84,6,12,9,5,6,106,8,90,106,5,8,98,125,106,106,7,14,8,8,97,114,106,126,119,7,10,8,15,11,92,106,6,8,122,12,106,110,95,109,107,8,9,6,9,9,75,3
75,87,90,75,82,84,97,82,6,4,3,6,7,4,4,3,106,105,9,92,8,95,106,106,106,106,6,6,8,8,9,9,106,124,9,13,113,106,106,116,10,8,8,10,106,82,123,8,116,106,4,13,106,10,8,95,118,8,6,12,83,79,79,79,4,3,3,3
85,111,112,101,47,10,10,8,95,112,4,106,6,10,9,86,106,4,9,106,123,84,8,13,4,106,106,135,97,8,8,21,7,106,106,82,106,82,8,4,8,8,4,106,110,109,106,9,9,9,8,95,95,94,94,93,93,93,6,6,6,6,6,6,6
103,52,5,41,16,35,40,41,45,42,59,29,41,41,41,47,90,91,132,92,105,41,41,41,45,49,41,44,41,41,37,93,49,92,108,82,85,36,48,108,41,41,41,41,102,39,72,85,36,36,35,35,55,37
80,106,4,8,98,98,7,7,100,124,106,7,14,8,111,106,9,8,104,8,82,106,106,106,106,4,9,8,8,8,106,106,106,8,9,8,103,102,102,102,102,102,102,92,8,8,8,82,8,8,8,8,6,95,95,94,94,93,4,6,6,6,6,6,88,82,87,82,85,85,5,4,5,4,4,4,54,51
3,92,56,82,72,6,4,3,106,106,106,9,8,9,124,104,14,8,106,106,82,125,8,8,4,14,106,89,90,112,121,8,5,5,10,12,96,96,96,95,95,94,94,6,6,6,6,6,6,6,86,85,4,4
87,75,106,4,37,33,25,32,44,16,44,31,102,38,41,41,44,50,41,38,41,39,54,90,87,88,48,49,112,123,50,42,41,42,106,48,41,41,48,115,105,89,110,90,108,34,39,39,39,39,84,25,73,73,21,20,20
98,73,106,3,7,8,106,102,99,102,93,93,9,8,7,8,6,6,92,6,127,119,109,14,12,9,106,106,8,9,106,115,8,10,82,104,86,103,86,102,102,102,4,8,4,8,4,8,8,8,88,5,79,3,46
106,93,122,83,74,95,86,80,86,96,89,5,3,4,7,13,4,6,6,9,5,5,88,5,106,9,106,8,95,6,106,97,8,7,101,106,105,123,101,7,9,8,13,7,95,95,6,6,83,4,12
86,106,96,128,5,9,7,16,106,102,106,106,93,9,8,8,8,6,106,90,98,106,123,126,8,5,7,8,13,14,120,106,106,12,8,8,95,6,106,106,103,8,8,106,106,107,8,8,8,9,88,5
99,131,100,116,140,62,8,12,7,93,106,17,23,6,8,103,92,99,103,8,6,7,8,106,106,106,9,9,106,106,9,82,9,8,4,103,82,106,107,122,8,4,8,9,13,109,102,104,106,106,106,9,8,8,9,8,8,83,96,91,106,106,4,6,5,8,9,101,100,7,7,94,88,93,6,5,6
21,40,41,39,28,37,35,21,31,41,27,41,82,93,41,41,41,44,41,40,41,90,97,24,42,41,41,40,39,54,36,40,38,51,88,41,41,41,24,41,46,94,90,87,90,88,100,41,41,109,108,38,41,31,30,30,29
42,77,101,96,3,8,3,7,106,128,104,98,91,106,9,16,8,7,5,9,106,89,9,5,89,5,106,96,8,6,112,88,99,106,10,110,5,93,7,8,111,9,6,9,106,90,8,5,85,82,4,4
97,92,81,92,7,6,4,7,110,9,106,9,128,112,16,10,122,92,82,105,106,12,4,6,8,8,106,104,8,8,104,8,88,94,94,93,93,93,5,6,6,6,6,6,76,76,76,74,3,3,3,3,50,48,47,39,37
