7,24,32,7,18,8,13,19,15,15,7,8,7,8,7,31,21,19,22,20,9,7,13,20,11,15,19,8,29,7,9,7,8,15,34,7,25,31,22,19,9,7,30,20,13,8,15,29,8,7,9,34,40,27,7
36,86,26,44,78,5,12,45,83,83,5,51,40,87,27,29,30,31,30,28,5,81,5,5,5,5,5,5,5,5,80,5,6,0,5,5,6,5,5,0,26,28,5,29,5,28,43,29,5,5,5,6,86,22,20,107,28,44,24,22,5,5,28,49,34,37,24,49,78,5,5,5,45,56,83,29,24,30,16,28,23,5,29,24,78,5,26,28,23,28,21,49,44,5,87,80,34,56,51,27,29,19,30,16,28,83,5,28,26,29,5,5,5,93,5,5,5,5,5,5,5,5,5,5,5,5,5,125,5,5,5,5,97,6,5,5,5,0,5,5,5,6,167,5,6,26,5,29,6,5,5,5,5,5,5,5,5,5,43,28,93,5,5,5,5,22,78,26,30,6,6,5,85,84,5,5,34,5,5,5,0,5,5
7,7,7,7,7,7,12,7,12,7,7,7,7,7,7,7,7,7,7,7,7,7,7,7,7,7,7,7,7,7,7,7,7,7,7,7,7,7,7,7,7,7,7,7,7,7,7,7,7,7,7,7,7,7,7,7,7,7,7,7,7,7,7,7,7,7,7,7,7,7,7,7,7,7,7,7,7,7,7,7,7,7,7,7,7,7,7,7,7,7,7,7,7,7,7,7,7,7,7,7,7,7,7,7,7,7,7,7,7,7,7,7,7,7
7,7,7,7,7,7,7,7,7,12,7,12,7,7,7,7,7,7,7,7,7,7,7,7,7,7,13,7,7,7,7,7,7,7,7,7,7,7,7,7,7,7,7,7,7,7,7,7,7,7,7,7,7,7,7,7,7,7,7,7,7,7,7,7,7,7,7,7,7,7,7,7,7,7,7,7,7,7,7,7,7,7,7,7,7,7,7,7,7,7,7,7,7,7,7,7,7,7,7,7,7,7,7,7,7,7,7,7,7,7,7
5,5,5,5,5,35,38,34,125,6,46,43,84,28,65,30,5,5,5,5,5,5,28,29,86,78,22,26,17,20,44,29,23,25,28,21,116,78,36,37,86,85,5,5,34,12,83,40,42,30,16,28,49,5,0,35,64,34,40,81,80,5,69,5,5,5,5,5,5,5,5,5,5,86,78,49,0,34,116,85,5,85,5,5,5,5,5,0,0,0,84,5,28,28,43,5,36,22,20,87,5,5,5,5,35,33,34,5,6,5,5,5,6,0,93,5,81,5,5,80,69,5,0,5,5,5,68,5,5,5,5,35,0,0,5,5,6,116,43,6,0,78,0,107,5,83,0,5,5,0,84,5,5,0,83,12,27,29,20,30,31,28,6,26,43,29,28,5,36,37,17,5,28,29,25,28,5,87,5,12,51,5,27,24,19,16,28,83,6,5,29,28,78,22,107,44,29,28,22,5,30,5,21,36,83,51,5,12,16,28,30,49,34,0,85,0
21,7,7,8,7,8,7,37,28,21,7,7,16,13,20,28,9,7,8,19,42,29,21,18,7,18,22,9,7,12,17,14,19,28,9,7,8,37,42,19,32,31,9,30,8,17,14,8,15,7,8,9,7,15,37,42,29,18,21,7,24,18,29,22,20,8,12,11,8,31,7,7,7,8,15
7,20,7,8,8,16,7,7,34,18,7,7,9,8,7,30,7,7,7,8,7,6,7,12,7,7,7,10,10,10,7,12,7,13,12,8,10,18,18,19,18,23,21,10,11,10,7,32,11,7,7,7,6,7,6,8,7,7,7,7,24,6,10,8,7,7,7,6,9,8,8,7,12,7,7,7,7,18,6,7,10,10,7,11,11,11,17,10,10,10,11,10,10,10,12,10,10,11,11,23,21,10,11,7,10,11,10,10,10,10,12,13,13,10,10,10,7,11,10,16,26,10,10,10,10,10,8,7,6,10,14,12,7,10,10,6,7,10,8,12,7,7,7,11,7,7,10,12,6,7,14,14,11,10,11,10,7,7,6,13,13,13,13,23,7,15,8,8,7,10,7,7,15,10,6,15,15,15,15,6,7,10,7,7,7,6,11
31,32,22,18,24,32,9,19,31,12,19,8,15,7,8,9,7,7,15,32,32,27,7,31,31,22,7,19,7,7,20,8,15,29,7,7,7,8,31,39,32,31,39,21,32,19,7,33,19,23,7,7,31,20,8,19,19,8,15,32,9,8,7,7,15,31,39,27,7
7,7,7,7,7,7,7,7,7,12,7,7,7,7,7,7,7,7,7,7,7,7,7,7,7,7,7,7,7,7,7,7,7,7,7,7,7,7,7,7,7,7,7,7,7,7,7,7,7,7,7,7,7,7,7,7,7,7,7,7,7,7,7,7,7,7,7,7,7,7,7,7,7,7,7,7,7,7,7,7,7,7,7,7,7,7,7,7,7,7,7,7,7,7,7,7,7,7,7,7,7,7,7,7,7,7,7,7,7,7,7,7,7,7
47,19,7,7,7,7,7,8,7,16,21,9,28,12,29,8,9,7,15,30,19,7,7,8,21,7,8,7,7,7,7,7,7,7,8,29,7,29,9,21,17,19,8,18,12,19,29,7,8,9,8
36,41,31,30,18,7,20,12,18,18,8,15,28,7,7,8,15,37,43,18,22,7,20,8,29,30,7,8,9,8,7,7,43,21,7,24,29,29,7,22,8,19,8,15,30,9,7,7,15,39,45,33,22,7,9,18,8,18,14,19,8,29,7,7
5,5,5,30,5,26,107,5,5,5,5,5,5,85,43,6,43,116,79,5,5,5,5,83,5,72,72,5,5,5,5,67,38,5,5,5,5,5,5,5,5,5,0,5,5,5,5,5,0,5,5,5,78,5,5,28,5,21,86,107,5,12,34,87,29,5,5,0,16,93,81,29,28,40,24,22,5,0,34,37,25,24,51,5,5,5,5,0,5,5,5,0,5,5,5,5,5,5,5,6,0,0,5,28,5,29,28,5,5,5,5,5,5,5,5,5,5,5,5,5,43,34,37,35,5,34,5,5,28,28,5,5,5,5,5,5,5
7,7,7,7,12,7,7,7,12,7,7,7,7,7,7,7,7,7,7,7,7,7,7,7,7,7,7,7,7,7,7,7,7,7,7,7,7,7,7,7,7,7,7,7,7,7,7,7,7,7,7,7,7,7,7,7,7,7,7,7,7,7,7,7,7,7,7,7,7,7,7,7,7,7,7,7,7,7,7,7,7,7,7,7,7,7,7,7,7,7,7,7,7,7,7,7,7,7,7,7,7,7,7,7,7,7,7,7,7,7,7,7,7,7,7,7,7,7
8,1,9,15,31,10,7,27,18,22,14,19,8,25,29,19,18,14,20,15,7,32,18,23,12,14,15,31,8,24,18,19,22,18,31,14,20,15,31,19,7,8,7,7,7,39,29,19,7,24,18,9,7,7,20,19,11,19,8,7,7,9,39,18,32,9,7,30,20,19,17,8,14,31,7,9,7,15
7,12,14,7,10,7,7,7,7,7,10,11,10,9,24,7,9,16,28,12,11,7,7,8,7,7,7,7,7,7,7,14,13,14,14,13,7,17,17,17,17,7,10,8,8,8,13,13,12,13,12,12,7,12,7,6,10,10,14,14,14,7,7,7,7,10,29,28,28,28,28,29,28,29,10,7,11,7,14,14,14,13,7,7,7,7,7,7,7,8,23,7,7,10,7,7,10,10,28,28,28,28,28,28,14,14,13,7,8,9,8,8,8,8,9,7,7
22,18,8,14,20,30,7,21,22,30,18,18,12,19,15,30,32,19,12,8,14,15,7,29,32,18,19,8,19,15,30,27,31,20,22,8,15,30,18,29,22,29,8,15,7,39,29,21,19,7,18,31,22,20,30,19,18,8,15,7,8,9,8,7,20,29,8,19,15,15,10,23,22,29,18,8,19,7,18,21,19,8,12,14,19,15,7,23,22,8,12,14,15,31,17,22,19,8,14,12,30,7,19,29,7,7,8,7,7,7,7,41,47,7,7,7,7,7,7,8,24,29,9,22,20,8,12,19,12,14,18,7,7,9,7,7
12,11,7,7,7,13,13,13,27,10,7,7,8,8,12,7,8,7,12,29,15,7,6,10,15,7,6,7,7,7,12,7,8,7,7,12,12,7,10,7,7,7,7,7,7,10,11,7,17,7,7,10,7,7,30,12,8,8,20,8,11,7,8,7,7,8,8,7,22,7,7,7,8,12,7,6,7,8,26,7,7,12,11,7,6,10,7,7,6,7,6,12,12,7,10,8,7,7,12,12,12,12,12,7,12,7,10,10,11,6,7,7,6,12,7,12,12,12,12,13,12,12,13,10,10,10,12,15,15,12,12,11,12,7,12,12
5,5,5,5,80,5,5,5,0,5,20,20,93,22,17,81,5,5,5,0,5,5,5,28,0,34,37,5,0,0,43,28,29,5,5,22,93,26,17,5,37,38,34,5,5,28,29,5,28,5,5,26,28,28,43,5,0,5,5,35,38,34,34,38,5,37,34,34,34,38,34,5,0,5,36,24,20,86,87,5,0,5,0,5,5,5,5,5,0,35,34,5,0,34,35,34,38,5,34,5,36,25,37,22,30,20,5
7,7,7,7,12,7,7,7,7,7,7,7,7,7,7,7,7,7,7,7,7,7,7,7,7,7,7,7,7,7,7,7,7,7,7,7,7,7,7,7,7,7,7,7,7,7,7,7,7,7,7,7,7,7,7,7,7,7,7,7,7,7,7,7,7,7,7,7,7
7,7,7,7,7,7,29,29,29,29,29,31,8,7,12,17,7,7,16,7,10,7,7,7,15,15,22,11,7,7,32,8,7,7,8,6,7,7,7,7,17,7,7,7,18,32,21,7,8,7,15,6,8,7,7,7,7,7,7,27,8,8,19,13,6,12,12,12,12,7,7,7,7,10,10,27,7,13,7,7,7,7,6,12,7,11,10,6,21,13,6,13,7,21,13,13,6,10,12,7,7,7,6,15,15,16,11,13,8,9,8,8,8,8,23,15,10,12,10,7,7,13,7,8,27,7,10,7,13,10,7,6,6,7,10,14,18,27,8,6,37,13,27,16,11,10,18,36,21,12,12,12,12,7,7,10,12,7,7,7,8,22,10,9,7,7,7,8,12,12,10,10,10,10,10,10,12,31,10,25,10,10,12,12,7,10,10,11,10,18,20,11,6,14,14,7,32,7,7,7,7,7,8,7,7,7,27,9,7,8,7,7,7,7,22,7,8,19,6,21,10,11
7,7,7,12,12,7,12,7,7,7,7,7,7,7,7,7,7,7,7,7,7,7,7,7,7,7,7,7,7,7,7,7,7,7,7,7,7,7,7,7,7,7,7,7,7,7,7,7,7,7,7,7,7,7,7,7,7,7,7,7,7,7,7,7,7,7,7,7,7,7,7,7,7,7,7,7,7,7,7,7,7,7,7,7,7,7,7,7,7,7,7,7,7,7,7,7,7,7,7,7,7,7,7,7,7,7,7,7,7,7,7,7,7,7,7,7,7,7,7,7,7
29,38,21,8,7,7,7,7,7,8,8,17,7,8,17,14,15,7,7,8,9,8,17,19,21,9,29,7,13,11,14,19,8,15,7,8,9,15,29,19,21,7,7,7,7,7,7,7,7,7,9,28,19,18,11,13,8,14,7,7,8,20,21,19,7,9,28,19,8,12,19,11,18,8,15,28,7,7,8,9,7,7,8
7,7,7,7,7,12,7,7,7,7,12,7,7,12,7,7,7,7,7,7,7,7,7,7,7,7,7,7,7,7,7,7,7,7,7,7,7,7,7,7,7,7,7,7,7,7,7,7,7,7,7,7,7,7,7,7,7,7,7,7,7,7,7,7,7,7,7,7,7,7,7,7,7,7,7,7,7,7,7,7,7,7,7,7,7,7,7,7,7,7,7,7,7,7,7,7,7,7,7,7,7,7,7,7,7,7,7,7,7,7,7,7,7,7,7,7,7
30,21,19,23,12,8,18,9,14,12,14,7,7,7,8,15,39,7,24,22,31,30,12,11,19,8,31,7,8,9,7,7,8,15,44,21,7,7,7,7,8,18,7,29,7,20,13,9,9,8,15
7,7,12,7,7,7,7,7,7,7,7,7,7,7,7,7,7,7,7,7,7,7,7,7,7,7,7,7,7,7,7,7,7,7,7,7,7,7,7,7,7,7,7,7,7,7,7,7,7,7,7,7,7,7,7,7,7,7,7,7,7,7,7,7,7,7,7,7,7,7,7,7,7,7,7,7,7,7,7,7,7,7,7,7,7,7,7,7,7,7,7,7,7,7,7,7,7,7,7,7,7,7,7,7,7,7,7,7,7,7,7,7,7
7,7,7,7,7,7,7,7,7,7,7,7,7,7,7,7,7,7,7,7,7,7,7,7,7,7,7,7,7,7,7,7,7,7,7,7,7,7,7,7,7,7,7,7,7,7,7,7,7,7,7,7,7,7,7,7,7,7,7,7,7,7,7,7,7,7,7,7,7,7,7,7,7,7,7,7,7,7,7,7,7,7,7,7,7,7,7,7,7,7
7,7,7,7,7,7,12,7,7,7,7,7,7,7,7,7,7,7,7,7,7,7,7,7,7,7,7,7,7,7,7,7,7,7,7,7,7,7,7,7,7,7,7,7,7,7,7,7,7,7,7,7,7,7,7,7,7,7,7,7,7,7,7
7,7,7,7,12,7,7,7,12,7,7,7,7,7,7,7,7,7,7,7,7,7,7,7,7,7,7,7,7,7,7,7,7,7,7,7,7,7,7,7,7,7,7,7,7,7,7,7,7,7,7,7,7,7,7,7,7,7,7,7,7,7,7,7,7,7,7,7,7,7,7,7,7,7,7,7,7,7,7,7,7,7,7,7,7,7,7,7,7,7,7,7,7,7,7,7,7,7,7,7,7,7,7,7,7,7,7,7,7,7,7,7,7,7,7,7
37,31,7,7,7,8,16,21,28,14,29,8,7,18,22,29,12,7,23,22,19,18,14,15,8,27,30,18,18,12,14,15,23,18,29,29,18,19,15,30,8,20,22,29,18,14,30,8,31,28,15,31,15,7,18,29,17,12,14,20,8,23,31,18,12,20,31,20,29,23,16,14,8,7,19,18,31,12,19,15,8,23,31,22,18,18,19,12,20,8
38,19,21,7,8,8,23,22,18,31,9,28,12,12,8,14,7,7,8,18,31,7,23,31,20,29,9,8,12,19,18,14,15,30,7,8,9,7,15,47,29,21,18,7,28,7,20,8,12,19,17,11,8,31,9,7,8,30,27,30,20
