0.437,0.397,0.393,0.332,0.615,0.587,0.346,0.309,0.437,0.415,0.587,0.354,0.628,0.639,0.426,0.404,0.557,0.340,0.549,0.424,0.580,0.587,0.324,0.380,0.325,0.380,0.374,0.338,0.422,0.440,0.325,0.426,0.361,0.401,0.527,0.418,0.430,0.421,0.394,0.406,0.334,0.653
0.469,0.428,0.423,0.362,0.647,0.619,0.377,0.339,0.468,0.446,0.619,0.385,0.660,0.671,0.457,0.435,0.589,0.371,0.581,0.455,0.613,0.619,0.355,0.411,0.355,0.411,0.405,0.369,0.453,0.471,0.355,0.457,0.391,0.432,0.559,0.449,0.461,0.452,0.425,0.437,0.364,0.685
0.389,0.350,0.346,0.287,0.565,0.537,0.301,0.266,0.389,0.367,0.537,0.309,0.578,0.589,0.378,0.357,0.507,0.295,0.500,0.377,0.530,0.537,0.280,0.334,0.281,0.334,0.328,0.294,0.374,0.392,0.281,0.380,0.314,0.354,0.478,0.371,0.382,0.373,0.348,0.358,0.290,0.602
0.405,0.365,0.361,0.301,0.582,0.554,0.315,0.278,0.405,0.383,0.554,0.323,0.595,0.606,0.394,0.372,0.524,0.309,0.516,0.392,0.548,0.554,0.293,0.348,0.294,0.349,0.343,0.307,0.390,0.407,0.294,0.395,0.329,0.369,0.494,0.386,0.398,0.388,0.362,0.373,0.303,0.620
0.353,0.313,0.308,0.248,0.528,0.500,0.262,0.225,0.352,0.330,0.500,0.270,0.541,0.552,0.341,0.319,0.471,0.256,0.463,0.340,0.494,0.500,0.240,0.296,0.241,0.296,0.290,0.254,0.337,0.355,0.241,0.342,0.276,0.317,0.442,0.333,0.346,0.336,0.310,0.321,0.250,0.566
0.314,0.275,0.270,0.211,0.490,0.462,0.225,0.188,0.314,0.292,0.462,0.232,0.503,0.514,0.303,0.281,0.432,0.219,0.424,0.301,0.455,0.462,0.203,0.258,0.204,0.258,0.252,0.217,0.299,0.316,0.205,0.304,0.240,0.279,0.402,0.295,0.307,0.298,0.272,0.283,0.213,0.528
0.431,0.390,0.386,0.325,0.609,0.581,0.339,0.302,0.430,0.408,0.581,0.347,0.622,0.633,0.419,0.397,0.551,0.333,0.543,0.418,0.574,0.581,0.317,0.373,0.318,0.373,0.367,0.331,0.415,0.433,0.318,0.419,0.354,0.394,0.521,0.411,0.423,0.414,0.388,0.399,0.327,0.647
0.384,0.344,0.339,0.278,0.562,0.534,0.292,0.256,0.383,0.361,0.534,0.300,0.575,0.586,0.372,0.350,0.504,0.287,0.496,0.371,0.527,0.533,0.271,0.327,0.271,0.327,0.321,0.284,0.369,0.386,0.271,0.373,0.307,0.347,0.474,0.364,0.377,0.367,0.341,0.352,0.280,0.600
0.444,0.404,0.400,0.339,0.622,0.594,0.353,0.316,0.444,0.422,0.594,0.361,0.635,0.646,0.433,0.411,0.564,0.347,0.556,0.431,0.587,0.594,0.331,0.387,0.332,0.387,0.381,0.345,0.429,0.447,0.332,0.433,0.368,0.408,0.534,0.425,0.437,0.428,0.401,0.413,0.341,0.659
0.104,0.098,0.098,0.153,0.260,0.233,0.138,0.176,0.106,0.104,0.232,0.130,0.272,0.284,0.105,0.093,0.206,0.145,0.202,0.100,0.227,0.232,0.160,0.109,0.160,0.108,0.114,0.146,0.105,0.107,0.160,0.094,0.124,0.096,0.177,0.100,0.098,0.090,0.095,0.103,0.151,0.298
0.350,0.312,0.307,0.250,0.523,0.494,0.263,0.228,0.350,0.328,0.494,0.271,0.536,0.547,0.339,0.318,0.465,0.258,0.457,0.338,0.488,0.494,0.242,0.296,0.243,0.296,0.290,0.256,0.335,0.352,0.243,0.341,0.277,0.316,0.436,0.332,0.343,0.334,0.309,0.319,0.252,0.560
0.438,0.398,0.393,0.333,0.616,0.588,0.347,0.310,0.438,0.416,0.588,0.355,0.629,0.640,0.427,0.404,0.558,0.341,0.550,0.425,0.581,0.588,0.325,0.381,0.325,0.381,0.375,0.339,0.423,0.440,0.326,0.427,0.362,0.402,0.528,0.419,0.431,0.422,0.395,0.407,0.335,0.654
0.297,0.258,0.253,0.194,0.470,0.442,0.208,0.172,0.296,0.275,0.442,0.216,0.483,0.495,0.285,0.264,0.413,0.202,0.405,0.284,0.436,0.443,0.186,0.241,0.187,0.241,0.235,0.200,0.282,0.299,0.187,0.287,0.222,0.261,0.384,0.278,0.290,0.280,0.255,0.265,0.196,0.508
0.270,0.232,0.227,0.172,0.442,0.414,0.184,0.150,0.270,0.250,0.414,0.192,0.455,0.466,0.258,0.238,0.384,0.178,0.378,0.257,0.407,0.413,0.163,0.216,0.165,0.216,0.209,0.177,0.256,0.271,0.166,0.260,0.200,0.236,0.355,0.253,0.262,0.254,0.229,0.239,0.175,0.480
0.425,0.385,0.380,0.320,0.602,0.574,0.334,0.296,0.425,0.403,0.574,0.342,0.615,0.626,0.414,0.391,0.545,0.328,0.537,0.412,0.568,0.574,0.312,0.368,0.312,0.368,0.362,0.326,0.410,0.427,0.313,0.414,0.349,0.389,0.515,0.406,0.418,0.409,0.382,0.393,0.321,0.640
0.353,0.313,0.308,0.248,0.529,0.501,0.262,0.225,0.353,0.331,0.501,0.270,0.542,0.553,0.342,0.319,0.472,0.256,0.464,0.340,0.495,0.501,0.240,0.296,0.241,0.296,0.290,0.254,0.338,0.355,0.241,0.342,0.277,0.317,0.442,0.333,0.346,0.336,0.310,0.321,0.250,0.567
0.342,0.302,0.298,0.237,0.520,0.491,0.251,0.214,0.342,0.320,0.491,0.259,0.533,0.544,0.331,0.309,0.462,0.245,0.454,0.329,0.485,0.491,0.229,0.285,0.229,0.285,0.279,0.243,0.327,0.345,0.230,0.331,0.265,0.306,0.432,0.323,0.335,0.326,0.299,0.311,0.239,0.558
0.421,0.381,0.376,0.317,0.598,0.570,0.330,0.293,0.421,0.400,0.570,0.338,0.611,0.622,0.410,0.387,0.540,0.324,0.533,0.408,0.563,0.570,0.308,0.364,0.309,0.364,0.358,0.322,0.406,0.423,0.310,0.410,0.346,0.385,0.511,0.402,0.414,0.404,0.378,0.389,0.319,0.636
0.364,0.324,0.320,0.260,0.541,0.513,0.274,0.237,0.364,0.342,0.513,0.282,0.554,0.565,0.353,0.331,0.483,0.268,0.475,0.351,0.506,0.513,0.252,0.308,0.252,0.308,0.302,0.266,0.349,0.366,0.253,0.354,0.288,0.328,0.453,0.345,0.357,0.348,0.321,0.333,0.262,0.579
0.359,0.319,0.315,0.256,0.534,0.506,0.269,0.234,0.359,0.337,0.506,0.277,0.547,0.558,0.348,0.326,0.477,0.264,0.469,0.346,0.499,0.506,0.248,0.303,0.249,0.303,0.297,0.262,0.344,0.361,0.249,0.349,0.283,0.323,0.448,0.340,0.352,0.342,0.316,0.327,0.258,0.572
0.322,0.282,0.278,0.219,0.498,0.470,0.233,0.196,0.322,0.300,0.470,0.240,0.511,0.522,0.311,0.289,0.440,0.226,0.432,0.309,0.463,0.470,0.210,0.266,0.211,0.266,0.260,0.224,0.307,0.324,0.212,0.312,0.247,0.286,0.410,0.303,0.315,0.305,0.279,0.290,0.221,0.536
0.107,0.104,0.106,0.164,0.235,0.207,0.151,0.188,0.108,0.108,0.207,0.142,0.248,0.259,0.107,0.101,0.178,0.157,0.172,0.106,0.200,0.207,0.173,0.117,0.172,0.118,0.123,0.159,0.107,0.110,0.171,0.106,0.135,0.103,0.159,0.106,0.104,0.098,0.106,0.107,0.162,0.273
0.163,0.159,0.159,0.213,0.318,0.292,0.198,0.236,0.164,0.163,0.291,0.190,0.331,0.342,0.163,0.155,0.265,0.205,0.261,0.159,0.285,0.291,0.221,0.170,0.220,0.169,0.175,0.207,0.164,0.165,0.220,0.153,0.184,0.157,0.235,0.158,0.158,0.152,0.157,0.164,0.211,0.357
0.360,0.320,0.315,0.256,0.537,0.509,0.270,0.233,0.360,0.338,0.509,0.277,0.550,0.561,0.349,0.326,0.479,0.264,0.471,0.347,0.502,0.509,0.248,0.303,0.248,0.303,0.297,0.262,0.345,0.362,0.249,0.349,0.284,0.324,0.449,0.341,0.353,0.343,0.317,0.328,0.258,0.575
0.433,0.393,0.388,0.328,0.611,0.582,0.342,0.305,0.433,0.411,0.582,0.350,0.624,0.635,0.422,0.399,0.553,0.336,0.545,0.420,0.576,0.582,0.320,0.376,0.320,0.376,0.370,0.334,0.418,0.435,0.321,0.422,0.356,0.397,0.523,0.414,0.426,0.416,0.390,0.401,0.330,0.649
0.589,0.550,0.546,0.488,0.759,0.731,0.501,0.466,0.589,0.567,0.730,0.509,0.771,0.781,0.578,0.557,0.703,0.496,0.695,0.576,0.724,0.732,0.480,0.534,0.481,0.534,0.528,0.494,0.574,0.591,0.481,0.579,0.515,0.554,0.675,0.570,0.582,0.573,0.548,0.558,0.490,0.795
0.401,0.364,0.359,0.303,0.573,0.545,0.316,0.282,0.401,0.379,0.545,0.324,0.586,0.597,0.390,0.370,0.515,0.311,0.508,0.389,0.539,0.545,0.296,0.348,0.296,0.348,0.342,0.309,0.386,0.403,0.297,0.393,0.330,0.368,0.486,0.383,0.394,0.386,0.361,0.371,0.305,0.611
0.423,0.382,0.378,0.317,0.601,0.572,0.331,0.294,0.422,0.400,0.572,0.339,0.613,0.625,0.411,0.389,0.543,0.325,0.535,0.410,0.566,0.572,0.309,0.365,0.310,0.366,0.360,0.323,0.408,0.425,0.310,0.412,0.346,0.386,0.513,0.403,0.416,0.406,0.380,0.391,0.319,0.638
0.366,0.327,0.323,0.265,0.540,0.512,0.278,0.243,0.366,0.345,0.512,0.286,0.553,0.564,0.355,0.334,0.483,0.272,0.475,0.354,0.505,0.512,0.257,0.311,0.258,0.311,0.305,0.271,0.351,0.368,0.258,0.357,0.293,0.331,0.454,0.348,0.359,0.350,0.325,0.335,0.267,0.578
0.421,0.381,0.376,0.316,0.598,0.570,0.330,0.293,0.421,0.399,0.570,0.338,0.611,0.622,0.410,0.387,0.541,0.324,0.533,0.408,0.564,0.570,0.308,0.364,0.309,0.364,0.358,0.322,0.406,0.423,0.309,0.410,0.345,0.385,0.511,0.402,0.414,0.405,0.378,0.390,0.318,0.636
0.458,0.418,0.413,0.353,0.635,0.607,0.367,0.330,0.458,0.436,0.607,0.375,0.648,0.660,0.447,0.424,0.577,0.361,0.570,0.445,0.601,0.607,0.345,0.401,0.345,0.401,0.395,0.359,0.443,0.460,0.346,0.447,0.382,0.422,0.548,0.439,0.451,0.441,0.415,0.426,0.355,0.673
0.584,0.544,0.540,0.480,0.759,0.731,0.494,0.457,0.584,0.562,0.730,0.502,0.771,0.782,0.573,0.551,0.701,0.488,0.694,0.571,0.724,0.731,0.472,0.527,0.473,0.528,0.521,0.486,0.569,0.586,0.473,0.573,0.508,0.548,0.672,0.565,0.577,0.567,0.541,0.552,0.482,0.796
0.413,0.373,0.369,0.309,0.589,0.561,0.323,0.285,0.413,0.391,0.561,0.330,0.602,0.613,0.402,0.380,0.531,0.317,0.524,0.400,0.554,0.561,0.301,0.356,0.301,0.356,0.350,0.315,0.398,0.415,0.302,0.402,0.337,0.377,0.502,0.394,0.406,0.397,0.370,0.382,0.310,0.627
0.404,0.366,0.362,0.306,0.577,0.549,0.319,0.286,0.404,0.382,0.548,0.327,0.589,0.601,0.393,0.373,0.519,0.314,0.511,0.391,0.542,0.549,0.299,0.350,0.300,0.350,0.344,0.313,0.389,0.406,0.301,0.395,0.333,0.370,0.490,0.386,0.397,0.388,0.364,0.373,0.308,0.614
0.415,0.378,0.374,0.319,0.581,0.554,0.331,0.297,0.415,0.395,0.553,0.339,0.594,0.603,0.405,0.385,0.526,0.326,0.519,0.403,0.547,0.555,0.311,0.363,0.312,0.363,0.357,0.324,0.401,0.417,0.313,0.408,0.346,0.383,0.499,0.398,0.409,0.401,0.376,0.385,0.321,0.618
0.358,0.318,0.314,0.255,0.531,0.503,0.268,0.233,0.357,0.336,0.503,0.276,0.544,0.554,0.346,0.325,0.474,0.263,0.466,0.345,0.496,0.503,0.247,0.302,0.247,0.302,0.296,0.261,0.343,0.360,0.248,0.348,0.282,0.322,0.445,0.339,0.351,0.341,0.315,0.326,0.257,0.568
0.357,0.318,0.314,0.257,0.530,0.502,0.270,0.235,0.357,0.335,0.502,0.278,0.543,0.554,0.346,0.325,0.472,0.264,0.465,0.344,0.495,0.502,0.249,0.302,0.250,0.302,0.296,0.263,0.342,0.359,0.250,0.348,0.284,0.322,0.443,0.338,0.350,0.341,0.316,0.326,0.259,0.568
0.394,0.355,0.350,0.292,0.569,0.541,0.306,0.271,0.394,0.372,0.541,0.314,0.582,0.593,0.383,0.361,0.512,0.301,0.504,0.381,0.535,0.542,0.285,0.339,0.286,0.339,0.333,0.299,0.379,0.396,0.286,0.384,0.320,0.359,0.483,0.375,0.387,0.378,0.352,0.363,0.295,0.607
0.352,0.313,0.308,0.248,0.528,0.500,0.262,0.226,0.352,0.330,0.500,0.270,0.541,0.552,0.341,0.319,0.470,0.256,0.463,0.339,0.493,0.500,0.240,0.296,0.241,0.296,0.290,0.254,0.337,0.354,0.242,0.342,0.276,0.317,0.441,0.333,0.345,0.336,0.310,0.321,0.250,0.566
0.403,0.365,0.361,0.305,0.575,0.547,0.318,0.284,0.403,0.382,0.547,0.325,0.588,0.599,0.392,0.372,0.518,0.312,0.510,0.391,0.541,0.548,0.297,0.350,0.298,0.349,0.343,0.311,0.388,0.405,0.299,0.395,0.331,0.369,0.489,0.385,0.396,0.388,0.363,0.373,0.307,0.613
0.439,0.399,0.394,0.334,0.616,0.588,0.348,0.311,0.439,0.417,0.588,0.356,0.629,0.640,0.428,0.405,0.558,0.342,0.551,0.426,0.582,0.588,0.326,0.382,0.327,0.382,0.376,0.340,0.424,0.441,0.328,0.428,0.364,0.403,0.529,0.420,0.432,0.423,0.396,0.407,0.337,0.654
0.119,0.122,0.123,0.183,0.230,0.204,0.169,0.207,0.119,0.122,0.203,0.161,0.243,0.254,0.118,0.117,0.177,0.175,0.174,0.119,0.197,0.203,0.191,0.135,0.191,0.135,0.141,0.177,0.120,0.119,0.190,0.119,0.154,0.121,0.158,0.121,0.117,0.110,0.123,0.121,0.181,0.269
