15,57,89,48,58,43,145,137,103,139,136,147,169,163,152,174,152,167,149,159,146,155,159,149,158,147,153,191,129,144,153,171,124,144,153,189,170,148,124,113,129,150,139,123,124,123,165,150,147,124,84,134,156,126,125,112,165,186,177,125,129,144,121,174,133,142,132,165,177
91,0,22,20,150,138,166,152,145,169,124,122,124,163,169,106,125,124,194,177,195,124,160,171,125,161,167,177,201,177,173,134,128,141,142,136,172,134,125,143,138,138,187,154,123,135,172,152,125,137
44,75,35,114,152,121,171,129,168,136,149,159,168,138,149,165,138,173,149,138,173,168,177,176,157,156,169,157,155,194,137,176,137,189,170,155,149,144,134,129,167,156,157,132,134,160,140,143,156,170,138,143,156,191,177
38,92,156,137,163,153,102,141,172,154,139,178,143,124,175,146,125,157,113,146,140,173,120,146,141,171,143,135,149,171,145,134,150,192,148,149,123,134,89,171,148,149,123,133,93,167,42,177,121,194,177,189,177
38,30,29,25,91,6,141,141,124,141,163,141,155,167,138,44,176,137,84,195,137,124,134,140,173,136,122,134,142,193,148,88,133,174,148,122,125,167,158,144,170,157,146,176,177,199,151,133,156,169,152,134,151,114,132,158,148,137,168,27,160,148,138,166,177
22,56,165,167,174,157,42,172,158,121,166,46,162,171,93,162,159,177,182,147,137,129,173,148,135,128,192,160,171,160,171,128,177,125,165,134,176,132,193,177,186,168,146,137,124,159,168,144,136,127
35,54,60,32,51,57,84,39,51,30,49,56,47,143,165,58,108,116,134,141,134,56,60,108,116,93,146,195,128,136,175,134,134,167,137,110,125,139,166,164,138,125,121,137,166,199,141,140,149,171,139,141,149,171,161,171,162,191,153,133,173,153,134,188,130,177,125
42,90,40,38,151,109,134,155,166,130,131,142,151,103,131,155,151,140,147,155,136,165,151,139,148,156,136,205,155,114,128,172,153,127,119,126,142,159,142,149,135,160,150,160,138,149,134,160,134,135,175,132,134,211,177
90,109,106,21,21,26,117,106,3,12,26,123,25,124,37,123,25,21,0,136,135,157,154,170,139,140,156,163,55,183,148,191,156,125,189,158,113,162,188,141,183,136,165,180,151,155,199,116,104,134,148,157,159,131,174,179,157,177,167
69,81,98,39,123,133,20,123,166,124,107,146,180,186,135,167,176,171,166,180,133,153,110,178,160,152,148,183,152,134,182,172,126,141,148,142,137,140,136,137,122,148,174,129,158,141,175,173,159,148,167,140,137,186,188
89,165,165,188,151,114,124,137,124,123,135,170,152,124,121,139,116,126,134,162,124,124,133,147,163,166,111,125,131,148,164,166,177,191,138,123,138,143,141,148,122,125,134,123,167,137,125,137,142,141,147,131,108,136,103,161,121,177,108,178,177,180,147,175,147,186,49,146,154,34,171,93,146,154,116,186,137,155,172,135,154
93,156,161,118,105,149,174,126,149,172,177,165,170,135,142,158,169,138,142,191,177,192,177,186,137,150,137,123,172,134,150,138,100,115,151,116,113,37,109,145,138,143,151,164,153,94,119,60,103,146,137,145,150,142,124,137,22,124,138,174,123,134,60,124,137
88,43,40,38,90,26,46,38,145,134,137,138,81,169,122,124,182,169,123,136,153,123,134,146,151,114,128,164,132,130,153,127,125,159,59,134,115,136,129,158,151,157,159,134,134,158,151,157,205,177,181,113,177,119,169,154,114,159,168,154,113,159,166,177,192,129,146,141,173,125,146,145
21,61,52,78,77,41,55,40,65,135,141,138,154,156,138,137,138,134,132,113,161,167,135,157,140,114,72,170,138,156,142,68,90,181,122,123,136,152,134,171,124,121,135,153,135,172,176,121,137,175,118,124,168,134,133,162,169,137,127,208,156,155,122,136,168,155,155,121,134,175,177,175,148,163,157,136,156,150,162,157,136
20,57,88,42,42,21,29,40,134,138,131,26,125,147,138,137,158,154,167,161,171,174,110,165,169,121,165,192,143,138,167,164,144,136,167,179,177,174,149,175,150,181,145,175,144,174,138,136,114,175,137,137,24,194,143,158,124,135,129,135,114,168,140,157,127,136,126,137,33
38,36,60,90,137,98,165,135,125,145,177,191,115,47,177,82,99,203,133,124,176,133,124,152,177,157,152,136,124,110,142,162,162,153,137,11,122,143,157,113,123,137,147,141,54,144,170,103,120,154,141,82,145,161,123,146,127,161,124,168,122,145,124,161,103,140,144,175,143,168,158,139,171,159,141,163,161,151,141,166,161,152,139
89,149,105,167,148,163,125,185,143,129,129,174,142,133,121,161,149,133,117,173,150,134,124,191,177,191,154,144,137,171,153,146,137,189,177,182,108,136,123,134,143,154,127,169,123,134,123,135,145,83,153,125,166,110,149,154,170,124,149,145,139,128,144,146,146,136,168,137,133,143,147,146,132,181,149,141
75,43,37,82,33,50,26,42,123,142,132,148,20,119,126,164,146,173,130,134,142,146,150,169,134,132,140,146,150,167,161,171,111,112,135,136,131,150,154,168,121,135,135,130,163,161,177,150,177,160,138,133,135,125,174,136,131,137,125,208,157,138,171,157,141,191,136,142,167,150,134,152,136,144,167,151,132,161,135,136
59,36,65,57,86,72,37,143,90,126,168,136,141,143,188,140,142,4,174,142,142,92,165,125,128,149,154,160,162,123,134,148,154,160,170,177,190,142,158,121,125,139,169,139,158,109,129,138,126,155,123,140,60,171,156,116,138,30,193,177,189,147,138,174,126,145,137,174
62,156,140,206,149,128,142,172,150,130,141,151,147,175,147,181,168,166,168,174,138,142,109,125,174,136,141,93,125,166,110,136,148,153,52,123,140,168,84,134,149,152,94,131,138,192,128,148,146,172,128,147,147,193,129,155,121
88,65,87,41,62,35,36,115,102,158,92,133,134,125,165,157,126,158,155,168,157,156,175,134,147,136,173,134,147,137,164,177,205,142,142,124,174,142,141,124,159,138,123,133,139,60,115,134,172,135,123,136,137,123,16,135,164,128,146,129,146,135,171,120,147,125,145,135,187,143,176,141,152,177,180,177
59,90,21,172,145,93,124,178,147,175,147,162,176,128,109,142,151,161,165,133,142,151,159,136,135,168,164,146,168,169,159,172,159,177,149,174,149,166,163,135,154,149,159,163,132,156,148,140,134,132,176,133,134,186,129,177,125,149,122,160,150,129,150,164,125,159,149,132,149,137,177,117,139,176,138
49,61,89,22,60,122,153,167,114,149,134,187,143,124,124,175,141,124,133,167,128,58,166,168,134,98,166,180,134,155,172,132,156,159,177,205,160,134,166,141,116,121,147,160,134,166,141,124,82,191,141,176,139,173,158,39,155,169,157,93,155
46,92,55,133,121,142,155,191,114,145,175,86,146,194,141,156,171,143,156,182,30,177,84,176,150,174,151,159,142,135,157,170,142,135,157,193,134,133,156,171,131,137,156,191,161,157,116,166,161,158,93
83,20,49,61,85,58,56,149,132,136,133,137,161,147,170,150,144,172,150,146,194,158,144,170,158,143,163,143,114,175,146,61,169,177,202,177,179,110,138,132,128,139,148,151,167,124,137,134,123,139,149,149,125,139,176,140,168,157,118,173,156,118,166,143,140,129,173,141,142,126,162,158
99,111,25,123,24,109,116,30,38,17,123,1,20,23,22,119,102,139,147,171,166,140,169,180,134,135,129,163,182,140,168,136,141,175,166,131,147,170,169,135,138,138,153,167,179,150,190,182,138,183,139,200,156,139,188
83,48,52,73,13,21,83,150,135,134,163,126,143,110,132,136,127,101,97,138,132,156,139,128,163,148,147,179,123,136,102,115,176,113,136,23,126,171,143,175,144,183,146,130,154,171,146,132,154,188,146,175,143,169,150,169,148,150,149,169,149,162,177,187,138,134,143,173,138,137,142,185,140,176,140,178,142,124,175,143,129
61,90,39,18,20,25,45,26,40,159,124,123,132,146,156,125,150,137,169,150,129,129,154,134,168,152,119,132,154,134,194,26,136,130,135,175,93,137,126,134,160,150,114,142,27,173,149,27,142,121,196,177,185,128,25,123,176,126,60,123,179,147,154,148,142,167,146,154,146,111,143,156,171,162,188,138,176,137,163,147,147
76,84,61,25,150,137,134,142,142,153,161,167,167,168,166,136,167,166,137,166,138,124,141,109,110,134,143,152,138,139,164,138,127,140,121,92,134,145,150,140,137,201,127,116,107,158,171,123,121,92,158,204,151,149,172,149,149,195,161,171,161
114,133,133,28,117,147,120,42,185,158,140,177,136,119,150,135,152,149,134,151,161,152,181,129,116,180,147,117,141,108,167,167,158,115,146,142,150,146,124,185,161,166,166,178,182,147,137,135,178,179,180,191,141,140
98,147,171,161,185,148,118,174,149,124,163,114,177,94,191,177,179,177,166,145,165,167,146,165,200,130,150,148,171,135,149,147,157,145,166,167,145,166,40,159,135,154,167,159,134,155,183,117,139,39
72,129,98,123,124,23,123,20,205,156,180,179,172,175,151,142,156,82,149,146,173,146,114,139,136,130,142,169,167,146,166,153,94,160,179,179,181,124,158,141,182,101,137,134,112,150,196,130,159,125
20,41,129,133,27,123,16,125,191,152,145,124,138,181,133,116,146,177,166,171,167,180,184,124,124,134,134,136,142,150,122,83,114,135,89,175,147,150,150,122,169,148,158,137,168,133,164,166,179,175,191,138,135,134,151,136,188,174,138,136,183
42,70,61,89,20,107,156,129,166,125,193,125,177,124,159,177,181,126,158,138,166,106,157,121,159,137,166,90,177,177,171,144,142,150,171,143,142,151,181,140,176,137,173,124,135,135,142,137,155,168,124,139,133,140,138,154,180,134,176,134,174,149,92,120,160,168,149,61,123,159
20,55,25,38,44,89,38,23,148,141,136,104,103,132,161,146,134,138,142,156,150,93,172,158,172,154,141,135,139,148,123,136,169,146,141,148,125,137,173,169,128,164,169,130,161,114,145,116,142,173,125,146,103,139,163,114,113,141,128,131,135,129,133,141,170,121,94,142,128,135,134,124,134,143,182,140,176,139,170,177,168,177,203,129,147,174,125,146
6,35,26,35,51,41,70,85,71,34,145,135,138,102,114,143,138,156,113,167,146,201,22,160,135,171,23,159,135,193,138,135,163,168,103,136,138,144,158,150,149,125,157,156,165,150,115,161,124,126,123,134,133,174,123,126,118,137,126,193,134,149,143,136,152,157,138,157,133,148,144,135,153,157,136,166,177,193,143,137
50,46,92,162,165,132,127,188,146,143,173,146,141,163,115,137,156,124,134,127,114,169,77,138,156,122,135,125,124,175,177,190,47,141,55,142,134,136,122,150,125,168,122,138,121,138,133,139,92,151,124,160,127,176,132,193,138,176,138,188,24,136,159,127,170,24,134,159,124,187,129,147,174,132,146
94,152,156,194,149,175,149,167,117,177,124,177,135,101,124,127,136,157,169,137,94,123,123,135,157,102,148,174,118,149,174,177,109,177,93,175,144,152,172,141,154,157,128,121,138,164,167,124,124,138,165,170,177,178,160,135,110,153,157,144,149,161,133,121,152,158,142,191,144,148,109,140
59,38,64,90,36,147,131,104,147,167,163,135,173,144,175,145,195,177,183,136,147,26,151,171,137,146,121,150,180,177,171,146,175,146,169,142,149,152,126,136,132,167,140,149,119,153,124,134,134,171,191,177,180,159,135,171,158,138,172,113
55,91,31,158,146,169,125,121,166,168,167,171,39,174,151,26,174,127,158,128,171,159,121,178,149,142,142,149,169,149,142,142,149,203,177,167,173,146,146,173,148,169,113,162,125,170,125,162,125,191,133,176,135
28,60,64,88,22,34,102,124,160,161,124,142,159,174,154,173,138,148,168,153,151,166,136,143,128,135,134,150,169,137,143,131,142,166,145,155,171,143,155,169,147,175,147,193,138,176,138,167,156,150,170,157,150,182,150,174,150,165,146,144,147,171,147,146,145,114,177
44,69,46,87,55,50,55,28,20,138,134,138,38,136,125,133,117,132,132,164,133,124,160,137,27,149,171,177,163,146,163,168,147,163,177,177,170,124,177,123,157,134,121,136,138,157,140,106,167,135,118,132,137,157,142,93,181,139,176,137,172,177,164,127,176,134,203,136,141,142,116,136,172,137,138,141,127,130
21,50,42,89,23,52,160,156,134,110,143,126,147,132,146,169,164,189,177,192,177,185,158,129,172,157,134,92,62,128,22,139,124,139,173,94,132,24,138,125,117,131,128,144,127,134,144,113,136,128,134,168,137,148,126,135,142,103,135,134,127,158,113,129,176,34,134,169,134,132,175,134,135,168,156,173,157,167,177,168,177
59,89,44,41,28,55,171,133,128,143,139,130,173,150,122,174,149,126,170,137,175,133,106,134,134,146,172,127,143,147,148,142,137,138,159,146,148,159,143,136,138,159,145,149,165,177,181,140,128,148,173,140,124,148,171,128,113,124,135,175,125,121,125,137,147,158,172,159,182,163,170,163,159,158,113,129,153,115,145,149,159,158,98,130,154,105,147,145,126,110,177,125
20,91,77,70,120,26,124,22,123,0,23,29,21,123,20,149,179,154,128,136,150,152,193,176,129,112,138,146,182,185,193,107,134,191,172,184,156,134,115,129,109,136,178,142,145,179,151,185,149,141,169,166,167
57,22,5,83,23,76,45,82,55,151,123,108,142,130,162,130,137,146,130,167,150,148,137,135,170,150,147,136,135,194,144,152,172,145,152,166,177,167,177,189,177,185,149,170,110,157,149,170,121,174,136,134,139,174,134,34,130,140,134,174,151,197,30,36
42,52,52,19,38,22,89,3,56,136,148,118,138,93,125,149,139,129,26,125,152,162,150,174,44,177,86,162,123,136,147,158,134,168,119,138,145,159,125,166,142,166,151,161,142,166,152,163,139,146,114,174,139,144,122,150,143,144,114,134,156,138,167,145,142,123,134,157,139,181,177,169,177,167,141,20,136,129,174,139,58,135,125,203,152,140,173,151,138
79,83,148,150,126,160,168,202,156,135,143,170,155,139,141,194,131,129,158,147,139,166,137,130,130,139,153,148,133,29,127,148,127,124,158,156,162,94,152,116,126,158,157,160,167,157,160,191,158,150,142,168,158,150,141,170,177,193,150
0,84,76,83,51,48,141,146,143,167,138,126,149,170,134,176,131,173,147,156,148,168,146,156,148,165,170,134,160,170,133,175,166,134,168,166,135,163,177,198,166,149,166,166,149,193,161,171,160,167,149,149,141,170,148,150,139
82,113,123,124,24,133,20,16,168,151,182,149,166,141,152,115,181,123,128,150,154,167,179,162,170,172,182,173,155,130,125,104,117,127,135,111,135,177,156,139,153,175,151,141,189,170,193,177,189,123,137,168
45,25,28,50,21,35,89,41,31,24,44,35,28,138,118,135,136,103,129,135,137,166,146,93,24,121,103,162,171,177,195,128,159,171,131,159,179,147,156,115,146,168,148,156,111,145,180,149,142,173,148,143,174,146,143,174,145,145,145,160,138,170,161,137,195,136,135,136,134,146,171,134,135,137,128,146,179,161,171,161,173
55,62,88,62,45,61,135,146,168,56,123,134,135,177,158,172,152,139,148,65,151,154,167,154,23,151,154,192,147,140,101,173,147,142,93,192,125,156,172,124,157,168,114,157,122,136,134,137,134,122,132,167,117,157,121,135,130,138,124,123,123,133,97,150,173,143,149,193,177,169,177
115,124,21,123,21,35,123,18,124,68,0,119,134,124,132,170,135,190,147,146,148,180,158,168,135,130,142,110,181,126,122,145,128,124,115,178,151,137,151,124,145,134,142,171,166,172,155,174,169,187,150,129,166,162,189,193,116,146,146,131,126,124,188
23,57,36,38,27,91,157,168,117,121,125,123,142,173,150,174,150,174,170,133,161,170,133,166,146,137,174,147,138,170,160,144,160,161,160,145,160,204,152,140,172,152,140,192,128,167,129,137,164,125,167,128,137,160,150,148,113,138,127,35,133,169,151,148,87,136,132,93,134
78,71,89,20,114,21,124,16,123,22,116,109,25,19,26,123,25,172,151,194,144,184,147,201,190,156,159,175,115,124,155,138,173,169,134,146,161,146,158,172,145,182,125,134,138,130,175,148,168,161,144,123,134,141,145,188
89,50,21,160,144,125,148,155,136,167,158,189,136,176,134,166,150,174,150,179,139,150,121,173,139,150,126,140,156,145,171,156,145,193,155,116,139,80,139,137,92,169,154,129,138,24,139,135,94,148,129,27,131,176,135,57,126,205,175,147,175
91,50,172,158,172,28,177,93,194,158,172,157,132,157,172,159,157,175,148,170,149,139,135,130,138,170,147,139,144,137,189,177,192,110,145,175,93,146,158,148,122,174,147,125,160,177,109,177,176,160
55,29,43,25,24,1,89,32,52,43,134,121,141,134,29,135,129,142,147,153,150,140,151,174,150,179,149,174,149,169,177,145,113,129,143,174,119,126,146,194,161,128,171,161,125,189,169,114,164,170,93,172,166,158,128,160,166,158,134,204,21
22,77,95,97,117,124,32,28,123,25,181,122,156,125,118,150,186,169,119,195,134,129,135,38,182,165,172,159,186,191,136,128,98,188,128,140,154,148,136,169,162,145,164,193,124,126,167,174,143,131,137,135,101,141
171,193,155,173,153,190,139,47,134,146,173,140,117,132,143,155,177,180,170,124,164,170,124,170,152,152,134,124,137,168,153,151,133,125,135,167,177,193,151,159,138,137,152,159,152,159,141,136,151,191,157,141,140
42,82,55,90,155,163,145,135,134,188,138,156,115,171,139,156,127,162,137,124,119,134,174,137,126,123,130,201,151,154,142,147,166,152,156,140,138,138,133,155,135,170,145,156,128,193,157,137,132,171,157,137,134,187,130,137,148,171,142,107,134,133,149,171,146,178,160,171,160
40,84,76,38,84,159,140,166,123,154,126,177,136,133,175,138,127,180,129,139,102,107,133,140,173,134,137,94,66,133,140,173,146,175,146,208,144,175,142,182,142,175,142,166,158,172,158,137,172,136,145,143,167,159,135,144,169
28,82,35,24,45,50,73,44,23,50,82,26,59,141,135,136,4,124,60,127,121,124,93,123,123,192,177,178,177,180,157,173,157,191,135,169,146,158,138,169,137,134,117,157,124,151,168,135,158,116,152,194,127,161,171,132,160,191,168,147,141,159,168,146,140
114,123,92,121,2,29,21,124,123,179,156,138,135,112,114,168,146,178,133,132,139,112,129,138,181,181,183,198,143,140,121,115,84,180,137,114,135,178,167,133,123,141,115,128,145,129,126,186,146,176,145,163,161,170,156,177,178,144
31,84,76,50,152,155,124,138,183,177,181,32,143,175,60,143,173,166,169,166,168,150,166,154,156,150,166,154,201,163,48,129,170,162,61,134,165,140,150,32,154,169,138,152,28,153,188,177,179,177,174,158
67,38,63,84,62,61,63,150,163,153,128,137,113,144,126,118,142,133,170,156,149,178,148,175,148,169,153,138,173,151,103,137,117,176,142,183,177,173,128,102,177,121,23,180,177,174,153,174,153,167,167,141,167,167,141,205
5,39,42,163,157,150,159,163,201,113,149,149,172,103,149,150,193,136,146,155,170,135,144,155,158,147,151,172,148,150,150,157,147,170,156,146,192,157,114,137,165,121,159,157,111,139,166,93,200,146
26,20,40,60,89,61,156,150,157,103,119,146,116,174,189,177,183,177,148,177,155,157,128,123,156,136,135,166,157,132,124,156,132,138,167,177,181,162,135,148,135,140,163,163,132,147,137,138,119,165,169,165
56,91,50,167,139,149,134,115,172,167,136,110,176,135,93,168,154,174,154,167,177,157,129,157,172,125,158,179,157,134,133,142,156,166,157,133,132,139,156,169,147,133,174,148,134,183,177,153,163,170,162
87,43,41,21,90,60,48,24,50,27,151,132,146,150,156,146,58,103,106,114,135,190,177,181,146,48,141,173,145,121,137,171,146,138,149,171,145,138,149,204,129,140,152,157,167,126,141,152,157,192,54,161,130,170,82,162,131,170,162,171,162
39,90,21,147,129,175,187,119,141,119,157,170,126,141,127,157,171,177,171,177,197,160,129,143,156,163,161,127,141,156,154,135,148,174,135,148,183,177,186,114,147,147,163,150,158,125,147,146,163,151,153,150,161,168,151,161
94,136,123,66,28,123,22,21,0,158,157,142,128,138,158,186,182,134,122,166,180,174,197,180,139,122,179,145,118,134,128,151,142,179,38,149,137,134,152,168,163,159,136,113,142,146,162,45,143,179,153,165,140,162,170,160,184,141,180,121,116
78,57,61,63,71,84,44,57,146,143,118,151,146,145,126,134,125,146,135,134,147,170,139,146,156,205,133,176,132,185,152,174,153,153,148,116,174,147,125,144,141,40,133,134,174,142,30,133,128,162,138,140,100,133,174,137,137,93,135,165,127,143,167,166,123,146,166,151,177,168,140,176,140,178,150,109,174,149,123,152,168,33,167
82,25,38,47,91,26,164,134,135,134,156,139,147,135,125,177,134,177,154,174,154,160,140,163,160,159,140,163,159,178,158,145,170,158,145,153,177,204,177,123,132,146,139,124,145,136,134,160,159,135,146,140,126,145,134,131,160,192,124,177,127,175,141,164,168,142,164
71,35,24,53,24,45,71,77,52,63,21,38,139,137,94,134,136,136,144,147,124,133,148,93,131,125,133,134,163,155,149,200,135,176,132,179,173,120,152,152,170,123,162,207,177,196,135,142,154,171,138,142,154
44,90,24,43,23,45,34,25,146,161,157,143,92,120,134,145,106,166,146,145,142,143,170,145,146,141,145,200,129,134,176,121,132,187,135,140,133,174,136,141,133,180,177,179,158,172,158,154,133,152,148,135,141,41,159,159,132,152,147,138,141,60,159
21,89,47,50,37,156,145,104,157,134,96,104,149,148,166,160,25,199,153,22,109,174,151,93,125,187,129,133,150,173,127,133,151,210,175,146,175,156,124,153,173,131,152,124,147,162,135,148,164,147,163,135,146
26,22,82,38,45,46,33,90,33,111,125,135,144,98,115,119,122,137,125,124,161,147,137,151,130,125,135,145,94,130,188,139,162,170,137,161,178,110,133,176,92,135,168,129,122,124,136,123,127,129,115,124,172,134,116,108,136,127,124,130,108,134,127,150,156,49,75,123,80,123,148,167,151,155,94,114,110,89,124,148,182,177,188,177,203,156,173,156
44,22,41,82,45,54,74,83,47,151,147,127,162,114,113,136,108,140,195,106,142,142,174,94,140,145,176,145,151,172,143,152,199,142,124,116,135,129,173,142,124,92,136,124,176,177,192,133,177,127,189,177
51,0,22,52,89,52,38,39,30,26,42,149,140,157,150,113,108,116,143,132,142,94,138,125,124,117,132,152,159,150,121,121,192,177,185,30,133,135,175,25,133,138,189,177,173,151,172,147,151,172,178,143,170,160,141,170,169,136,134,45,175,136,132,25,196,124,150,174,119,151,132
36,51,89,52,3,157,139,116,163,151,135,178,166,169,166,178,123,124,137,125,175,124,123,137,126,203,177,191,172,136,156,172,137,182,177,158,156,124,135,172,156,111,138,176,167,143,21,166,167,145,25
22,78,130,123,20,92,121,123,31,7,26,164,129,122,149,117,193,195,174,133,191,153,172,166,147,128,180,126,126,158,83,178,147,127,133,111,160,151,168,166,139,147,164,152,175,142,152,139,160,177,141,178,176,131,143,134,108,106,184
123,142,142,182,181,112,174,167,37,129,146,122,124,166,183,167,164,170,188,160,125,185,147,135,186,166,193,155,149,127,163,177,150,129,152,114,146,117,130,175,162,138,148,138,135,146,134,138,183,166,162,135,144,154,140
92,20,30,52,83,37,159,158,156,147,135,118,137,167,177,190,177,205,124,143,175,118,143,166,153,174,152,158,45,146,156,138,169,26,148,155,138,193,152,130,110,129,136,141,170,152,127,29,134,137,141
89,41,1,51,142,158,151,134,156,121,135,157,167,199,148,132,134,146,171,148,133,135,145,192,140,144,135,173,138,146,133,186,177,163,114,159,150,140,145,114,152,156,94,160,149,141,146,119,151,188,177
44,28,90,11,23,22,26,51,156,123,66,110,22,129,125,155,134,145,158,161,126,144,141,151,139,171,141,150,139,165,114,116,153,173,94,119,153,201,142,176,141,178,177,210,148,142,146,128,114,138,121,168,149,144,147,126,119,136,125,130,140,138,137,140,137,156,166,142,137,138,137,138,157
44,26,35,29,29,89,46,51,138,119,125,125,147,160,106,156,147,93,134,135,173,148,127,139,183,177,164,26,177,26,206,177,180,146,175,145,166,149,12,147,132,172,148,58,145,134,192,167,168,167,150,177
25,52,75,22,83,25,52,160,150,160,103,147,135,140,173,169,136,170,154,146,136,146,145,166,155,158,143,124,147,153,153,156,160,150,152,152,157,187,177,203,125,122,155,172,128,114,155,171,146,147,173,147,144,192,153,146,171,154,135,134,165,147,166,166,146
46,44,56,50,60,85,33,66,20,59,141,144,139,127,124,154,146,141,124,133,138,124,137,161,143,125,196,177,162,136,151,173,133,152,179,149,162,135,136,166,149,161,137,134,167,124,157,172,123,157,168,137,176,138,204,177
40,84,26,42,74,24,84,145,126,132,98,106,103,138,159,158,149,154,138,108,203,137,135,175,138,134,182,158,172,159,182,177,169,133,162,61,140,128,127,140,108,133,164,134,161,5,142,130,123,139,116,134,170,118,177,116,194,177,185,177,172
38,51,47,29,56,87,27,56,22,61,153,83,134,137,160,150,125,157,157,160,129,153,157,141,167,125,152,157,144,180,124,168,166,126,168,168,124,174,151,125,173,211,152,156,170,153,154,191,147,170,34,141,116,133,146,148,170,60,138,125,132,164
37,45,82,151,131,124,158,120,167,154,160,146,106,177,117,187,177,163,33,134,176,93,134,166,127,137,134,134,133,121,148,170,126,139,129,134,133,124,147,194,168,130,166,167,136,134,134,161,168,150,160,209,160
38,37,27,52,25,27,42,50,87,49,25,48,57,130,128,131,125,132,123,86,131,135,160,156,134,134,90,149,134,123,154,173,57,177,98,195,129,177,124,181,135,155,172,136,154,183,177,169,166,169,166,162,148,157,170,150,156,194,153,144,165,162,152,142,166,173,158,129,171,158,133
76,166,167,134,166,139,145,137,161,167,138,144,138,167,177,194,146,134,174,146,132,183,175,148,167,165,120,147,167,166,147,176,177,162,174,150,112,132,138,172,152,132,137,164,150,158,154,166,150,157,155,189,139,176,136
61,89,59,60,156,122,162,138,139,160,23,169,138,170,172,139,155,159,116,166,137,167,22,152,169,165,169,187,177,203,148,129,174,148,133,169,135,156,172,134,157,169,155,173,154,174,162,162,162,163,156,139,127,167,147,160,138,168,148
40,33,54,90,35,101,119,138,134,134,137,160,160,130,161,163,154,150,99,174,151,171,128,176,121,123,132,118,175,125,140,174,123,154,171,143,125,153,172,139,166,169,166,209,160,129,171,161,121,174,177,182,157,157,168,156,158,147,144
83,26,41,53,75,31,44,161,164,21,139,114,135,136,179,176,140,168,133,158,139,168,141,129,106,137,156,131,169,148,139,157,147,121,40,157,172,121,94,157,170,177,184,134,176,133,163,164,170,163,161,117,107,164,169,108,114,164,181,177,164,156,129,147,144,146,152,159,155,135,146,145,146,149,119,138,176,141
79,16,83,146,124,120,120,138,167,166,116,145,163,123,166,168,124,166,184,177,160,130,106,176,127,123,165,138,139,149,77,172,139,140,150,27,193,162,168,149,162,161,152,134,123,173,152,137,174,171,160,171,191,177,168,168,167,168,168,160
107,134,9,123,24,156,165,183,135,136,148,168,128,147,159,131,138,135,175,124,134,159,164,166,174,148,140,146,163,18,178,170,204,114,185,142,128,144,134,121,135,189,180,161,153,146,175,129,167,147,143,174,152
74,59,88,86,20,80,115,109,123,123,26,124,186,176,167,149,134,163,168,146,138,112,158,134,177,143,135,77,124,147,169,160,189,179,169,178,164,177,115,114,164,189,156,140,126,180,155,147,117,150,44,176,116,146,182,158,159,188
70,85,82,114,123,26,22,26,123,23,123,18,123,124,157,148,136,151,114,156,134,143,194,122,169,180,169,182,189,168,114,157,134,175,136,120,179,146,148,154,133,179,145,57,128,137,156,149,174,158,138,146,170,175,128,183,184,118,167,143,176,177
98,62,22,70,126,134,137,123,169,147,177,180,132,176,128,162,146,166,156,159,145,166,156,179,136,137,114,152,171,137,138,51,153,154,133,176,132,199,177,179,150,150,139,164,158,149,152,136,164,202,177
30,44,29,51,54,88,57,131,138,161,60,148,138,158,147,175,143,175,136,125,148,146,123,160,138,163,151,146,128,159,138,170,141,175,142,178,114,147,163,168,125,146,163,197,175,138,135,147,40,173,138,149,124,84,126,146,174,135,146,205,166,110,134,167,167,93,133
50,30,53,91,162,124,159,142,136,157,129,171,139,158,175,141,175,144,166,125,141,175,121,142,171,113,159,135,171,93,159,135,191,149,91,155,160,164,148,119,154,160,200,136,137,123,174,135,138,123,186,140,152,128,128,130,128,170,142,151,132,124,132,127
87,117,27,133,28,21,20,123,38,20,123,128,185,140,160,160,168,172,156,156,188,127,159,188,148,156,142,115,123,189,138,123,173,137,155,169,162,142,166,174,150,128,140,173,145,163,189,175,135,150,145,196,163
118,171,161,187,140,176,142,161,142,141,174,143,140,190,160,171,160,177,177,175,109,129,114,141,175,95,132,121,138,187,141,36,176,140,92,183,143,20,133,128,129,123,139,171,145,93,126,121,125,131,125,137,161,139,113,128,157,154,167,136,125,121,157,135,149,136,156,149,124,166,147,138,156,150,125,182,139
49,53,88,64,148,137,172,188,146,140,173,147,140,178,151,174,151,203,169,147,152,146,169,148,150,139,165,4,146,146,165,165,94,147,146,198,134,142,136,128,149,133,170,134,140,132,134,148,135,170,156,173,156
9,93,126,123,21,29,22,123,22,123,6,161,190,143,145,190,184,123,139,122,156,143,179,174,158,145,42,143,159,176,149,167,150,76,175,160,131,148,166,160,159,166,171,130,189,115,156,57,120,194,159,150,153,148,142,129
33,50,145,152,169,168,141,136,113,123,164,166,141,139,96,112,164,193,177,188,146,137,174,145,138,188,148,175,149,186,134,177,133,178,110,153,152,128,138,121,140,167,60,154,150,134,135,129,141,185,177,169,177,170
52,82,39,21,77,55,82,28,38,145,146,113,137,104,108,167,133,27,133,148,146,185,177,178,177,165,177,182,177,178,146,175,148,181,158,132,118,151,168,157,132,124,152,201,124,177,124,181,177,181
21,92,11,166,160,141,134,187,144,143,137,114,172,144,144,138,121,165,146,148,148,143,128,167,148,147,148,144,126,182,150,124,174,149,124,148,177,204,144,173,149,145,159,163,20,150,167,162,24,191,177
31,51,84,76,38,165,154,141,134,140,117,130,175,139,190,134,112,119,176,130,127,121,203,149,147,172,148,141,92,132,130,176,94,139,160,142,145,137,142,171,141,147,135,142,149,135,146,124,139,132,172,135,146,116,142,128,164,114,117,153,161,167,77,108,155,161,158,149,175,148,162,144,137,174,144,138
21,120,97,124,10,39,16,133,8,29,141,166,170,188,135,164,182,168,136,145,168,172,150,145,93,113,129,60,135,178,155,50,115,92,128,112,147,138,137,130,167,132,167,168,135,168,186,139,179,153,136,146,205,145,133,154
88,67,60,150,151,163,151,188,110,135,124,124,126,175,104,136,123,124,124,159,147,175,147,176,177,174,173,155,173,160,167,129,157,159,166,127,118,120,158,162,163,133,170,193,153,174,151,188,154,173,153
83,80,83,148,124,168,161,202,177,178,177,168,176,129,176,172,123,34,126,145,174,108,28,132,146,192,119,177,57,168,177,175,148,141,129,132,142,170,148,141,125,130,143,186,121,129,152,173,108,132,153,99,125,124,145,123
