132,150,115,111,127,21,107,118,114,116,83,131,139,60,178,129,75,153,77,35,75,128,98,112,113,77,90,110,135,125,130,112,125,205,149,129,151,89,25,93,122,91,74,94,128,105,108,94,132,127,189,130,141,116
130,150,103,122,134,135,135,63,132,107,143,135,147,108,130,139,130,96,139,132,133,167,151,156,156,147,161,170,167,161,127,150,153,115,155,140,169,164,163,166,82,124,119,146,167,134,129,140,120,137,163,156,140,133,115,119,106,126,75,118,126,108,116,125,125,83,118,135,128,150,134,125,104,126,141,115,118,113,119,113,184,146,141,130,117,114,133,131,116,125,140,118,130,111,147,125,123,116,126,73,110,64,126,118,87,152,110,120,77,146,136,160,147,39,138,125,149,159,138,148,154,156,167,147,131,134,166,120,171,171,170,169,165,159,149,170,162,121,156,166,135,105,144,158,131,111,118,168,77,142,149,144,114,152,156,162,137,124,127,112,132,136,148,129,151,123,119,62,156,162,147,87,141,148,158,142,114,159,141,161,152,167
167,99,57,136,123,114,163,166,164,148,149,172,156,172,144,156,144,149,172,146,168,165,166,166,89,79,82,83,86,106,77,96,98,102,82,104,81,91,80,105,98,79,78,78,79,99,78,97,89,82,116,104,96,92,89,99,91,84,89,102,78,76,77,77,88,98,87,87,76,85,79,151,178,175,143,106,121,177,124,138,168,172,147,174,153,135,165,159,148,149,172,150,170,142,166,169,161,136,177,179,114,161,173,138,159,167,171,161,179,106,141,166,167
136,107,149,129,159,103,61,154,169,163,161,171,170,166,142,180,178,174,168,127,165,147,83,105,96,83,101,99,92,79,69,90,86,81,86,86,104,91,92,82,96,81,101,99,102,97,101,77,79,86,81,104,83,97,94,102,108,83,90,102,81,78,98,95,94,91,77,98,138,173,162,162,170,178,113,168,158,157,178,162,120,168,152,166,167,159,159,168,178,154,161,149,160,143,161,164,144,168,168,154,161,166,159,169,137,126,139,167,116,148
158,128,147,133,132,125,118,170,131,122,107,106,124,110,58,128,142,144,145,152,134,140,49,158,124,102,139,113,92,124,137,120,136,125,124,146,118,73,117,112,137,78,138,115,115,138,138,63,134,92,123,108,122,128,159,161,134,76,150,156,107,120,167,133,156,168,147,130,159,112,140,135,178,125,126,145,98,157,93,112,160,147,168,146,146,164,135,145,137,160,125,157,131,82,148,104,132,125,104,113,132,152,75,137,131,87,154,116,150,158,158,164,149,165,24,136,118,159,149,126,166,160,159,166,109,117,4,132,115,136,168,150,160,157,148,140,164,103,148,139,143,135,130,99,127,166,140,154,166,159,146,161,179,148,75,127,105,124,115,135,125,156,158,128,124,0,120,123,132,138,92,128,126,108,129,145,119,124,156,129,109,114,128,94,129,124,116,129,181,169,33,163,107,136,104,125,90,118,101,126,123,104,117,142,137,137,84,133,108,103,123,22,159,163,144
138,95,87,122,57,157,150,17,89,95,124,123,115,103,123,115,131,96,127,214,145,117,65,129,161,72,59,119,106,121,86,114,108,118,125,101,169,125,131,32,166,78,115,97,119,98,111,93,107,104,87,127,122,202,126,130,55,67,132,101,156,60,74,119,95,82,118,106,102,105,104,129,100,120
130,150,103,64,122,134,105,125,146,107,124,116,136,135,147,141,138,88,96,134,138,110,129,137,166,151,156,151,152,146,115,155,182,163,159,169,179,82,131,76,170,129,144,166,107,161,126,120,121,103,112,118,124,101,124,122,99,113,118,142,110,108,142,136,133,94,70,125,144,120,115,111,104,113,119,113,111,150,162,157,158,169,158,133,24,130,91,125,115,127,107,127,117,93,124,85,140,118,134,147,125,130,115,116,73,110,64,133,123,151,119,89,151,95,133,146,147,126,147,75,37,142,138,28,166,167,156,177,163,158,141,166,150,146,169,157,154,147,157,158,128,87,134,150,143,179,162,160,146,162,125,168,77,142,157,164,149,155,135,129,127,7,113,158,153,119,59,141,141,157,158,87,155,158,136,127,65,65,160,141,162,149,124,136,165,136
137,98,127,151,4,79,128,25,129,106,100,107,108,107,95,132,75,125,170,137,124,128,184,138,67,134,150,116,115,94,103,126,120,23,134,104,1,169,134,131,216,139,136,95,129,118,157,84,21,126,106,82,99,109,120,114,107,103,106,113,7,134,84,126,170,129,136,97
144,132,149,137,105,52,167,174,146,140,131,118,134,179,120,142,169,171,150,161,161,177,160,180,159,157,161,167,161,166,178,173,168,158,188,143,152,153,171,151,128,155,179,90,79,84,97,90,89,107,78,77,76,92,94,84,81,95,81,82,94,89,79,93,92,90,78,96,77,102,80,89,78,89,102,88,82,77,82,80,89,82,84,93,87,89,78,93,78,87,102,77,77,74,85,77,99,82,86,79,159,154,166,181,158,166,148,164,146,181,126,170,178
152,127,107,114,69,104,103,157,152,85,84,122,119,132,118,135,129,132,211,135,140,137,126,214,133,101,105,114,114,81,103,80,91,124,166,129,24,51,54,78,123,107,107,116,126,118,75,107,114,133
132,141,158,75,116,119,98,99,103,124,106,113,106,136,140,128,99,135,167,20,61,120,94,105,137,25,119,99,152,93,107,208,150,128,114,150,117,83,71,117,102,115,111,99,108,158,105,120,204,135,166,127,80,81,92,119,119,121,66,71,110,115,132
114,175,108,145,146,167,149,141,141,159,136,144,158,162,127,146,165,137,158,155,143,115,169,148,134,105,157,165,126,170,158,170,102,172,146,129,147,148,118,155,126,158,161,157,162,166,158,168,167,145,162,114,108,169,129,104,82,149,75,161,159,148,130,134,135,117,132,127,154,92,134,150,163,136,135,111,145,93,105,138,139,132,172,147,174,154,161,146,166,138,82,139,106,120,106,168,152,146,154,168,156,150,173,134,106,89,152,147,89,151,151,156,161,153,116,173,157,103,104,128,147,125,87,99,119,143,147,160,120,128,154,143,171,136,129,130
159,54,144,132,128,121,153,166,164,157,126,173,179,119,160,134,156,162,157,169,163,163,95,99,102,88,81,104,93,79,93,102,78,92,78,87,93,84,87,76,84,94,82,88,93,90,87,78,95,87,100,77,105,81,76,78,78,89,87,93,73,76,96,93,92,92,78,77,87,169,161,157,167,139,142,161,169,168,166,164,171,161,152,131,174,134,153,162,164,150,109,138,140,166,148,176,162,156,175,162,168,112,179,161,179,133,141,161,85,178,149,180,137,168,151,148,158
73,74,111,83,133,61,182,136,56,130,41,88,183,127,95,104,125,77,96,134,196,86,65,120,114,86,85,106,166,129,82,45,24,121,109,83,94,159,131,137,123,93,125,86,209,134,130,108,123,157,96,78,111,113,103,108,105,110,98,131,119,190,158,64,88,62,110,106,114,32,115,95,109,41,107,139,128
184,168,167,160,133,90,167,147,154,149,133,66,142,82,90,45,126,167,58,166,130,171,141,160,156,144,125,124,163,166,176,21,43,124,81,155,162,88,75,128,161,140,162,71,146,179,102,46,36,128,67,161,172,183,148,158,178,134,67,128,162,134,154,162,149,161,89,89,50,128,35,103,126,144,104,111,140,151,135,106,126,172,151,71,122,103,122,89,125,92,105,165,171,136,116,127,150,169,129,107,25,34,112,170,127,126,172,183,119,62,28,126,74,81,107,163
111,89,117,80,103,137,161,126,73,64,126,60,105,96,116,184,128,64,65,46,76,134,162,70,82,25,114,121,96,32,158,131,23,67,127,94,87,194,75,66,70,125,111,126,147,139,124,110,129,146,123,120,121,55,127,107,128,92,124,71,124,132,21,188,163,117,120,20,93,135,167,128,40,73,118,117,133,165,20,75,127,20,83,82,98,135,179,127,125,96,42,102,90,158,71,73,125,103,106,97,134,157,105,71,83,94,120,94,114,103,206,139,146,72,40,57,114,98,116,193,152,67,55,118,75,103,107,104,97,102,119,58,116,126,110
173,108,98,144,136,137,60,167,169,157,157,157,133,127,146,87,152,125,156,137,168,159,153,146,148,160,133,160,136,164,168,168,157,168,143,146,129,158,118,140,148,169,157,162,171,175,146,166,167,132,125,126,116,149,161,110,146,148,150,124,136,119,129,117,136,139,131,144,134,130,146,163,127,133,135,134,137,65,138,135,172,135,147,174,151,126,166,148,166,169,152,146,153,102,109,177,112,152,151,165,89,146,154,140,142,151,92,156,156,159,116,173,141,152,126,102,147,63,23,125,73,87,99,146,125,165,121,102,127,140,143,127,140,127,174
177,178,171,168,74,136,171,168,146,161,134,142,79,82,126,167,167,137,136,176,156,137,141,171,178,76,161,137,135,151,93,128,155,147,166,59,71,146,134,178,102,128,178,171,175,147,119,123,157,171,160,138,79,128,164,157,154,157,161,99,50,128,27,148,157,121,126,105,73,105,167,162,146,71,122,126,75,126,105,154,152,169,149,136,146,139,143,167,139,112,143,135,167,75,126,127,114,122,172,183,119,87,108,119,74,109
161,121,146,115,166,172,149,141,136,174,146,152,138,136,174,147,146,170,170,157,165,166,170,138,162,171,172,139,162,156,167,137,157,148,143,182,163,163,175,159,161,166,167,128,156,171,149,170,162,114,153,139,178,159,140,180,149,166,148,161,179,141,151,140,169,159,167,138
154,140,148,124,133,101,135,116,99,117,170,136,130,110,128,87,153,136,134,86,127,146,127,142,130,158,124,140,115,114,113,137,119,77,105,135,125,124,125,145,73,106,110,108,138,122,136,77,134,129,120,134,119,108,87,119,106,124,67,103,133,136,153,115,131,131,134,130,141,153,75,76,117,147,114,157,120,160,152,133,146,170,149,124,159,89,112,148,23,55,117,170,167,151,0,157,168,166,146,146,164,167,158,130,102,147,88,106,131,93,99,99,119,104,129,154,144,154,151,158,136,155,164,168,26,112,168,166,177,109,138,140,158,159,164,164,146,87,148,158,103,133,93,142,147,147,86,108,130,88,149,74,154,180,161,150,166,161,160,127,130,62,106,130,125,126,125,167,24,132,132,138,25,130,126,145,110,128,119,124,156,130,20,109,126,116,130,130,70,129,46,175,179,71,163,136,128,120,109,116,128,104,117,114,63,148,79,137,121,103,98,124,103,117,105,21,119,150,167,124,155
137,148,139,171,164,161,161,143,148,173,156,158,106,106,89,94,98,81,79,102,85,102,94,78,82,75,103,84,82,78,77,90,74,105,81,93,96,88,90,91,79,82,99,77,103,98,88,93,86,82,80,75,87,85,84,75,75,76,92,77,99,99,152,156,175,163,148,174,147,137,174,157,146,140,170,167,154,172,135,147,148,119,172,156,162,162,146,134,156,133,165,166,163,171,167,158,180,138,150,143,175,155,178,168,150,101,176,118,143,168,159,136,158,174,130,134,142,171,151,158
136,152,132,103,114,77,117,85,56,179,162,122,118,119,121,120,112,117,94,74,134,119,180,137,159,119,102,126,120,79,104,92,110,115,102,111,135,191,138,52,134,58,102,115,65,86,117,82,167,106,110,106,121,114,76,119,103,118,136,107,124,171,91,125,158,120,107,80,85,117,108,119,96,88,100,114,92,82,118,126,96,43
123,159,123,59,147,124,155,166,135,137,169,134,146,144,116,177,161,174,179,94,168,168,174,130,141,138,162,171,171,178,141,159,146,146,182,154,151,158,151,162,175,171,161,166,157,122,179,89,84,83,87,82,78,90,94,82,76,75,92,75,95,76,83,78,76,81,93,104,92,94,76,95,92,90,79,101,78,89,93,79,103,88,77,76,91,108,75,87,92,77,77,102,93,93,78,93,81,80,94,86,156,144,182,152,166,166,159,172,179,137,156,160,163,133,158,174
150,78,144,153,53,118,82,116,70,122,111,115,131,110,125,163,142,133,148,89,116,118,124,83,103,112,107,43,93,129,96,46,127,216,146,138,84,124,104,107,165,105,125,31,105,114,138,140,135,130
152,120,160,169,157,144,166,120,159,168,157,171,157,164,157,169,160,137,167,157,159,165,150,168,131,179,147,132,160,160,160,170,142,172,156,168,171,158,122,176,139,168,167,169,165,137,179,136,94,78,104,80,92,90,81,93,88,97,105,79,77,83,103,81,89,91,88,79,97,80,89,100,82,88,90,92,91,101,84,100,101,78,98,86,106,100,88,95,78,92,94,78,108,87,76,77,86,180,165,163,136,136,171,158,151,168,175,148,141,171,159,119
54,136,96,151,140,134,105,56,142,142,169,150,161,161,174,169,144,142,147,162,154,176,134,157,164,141,172,123,159,149,174,141,144,166,168,156,146,164,169,138,155,152,126,151,147,161,117,166,167,160,172,146,150,135,162,161,144,156,158,148,169,139,172,130,137,176,166,165,134,151,146,134,175,141,146,166,158,151,145,160,103,153,174,154,110,159,158,167,149
139,116,161,133,115,113,180,159,143,191,168,166,166,85,151,150,165,179,161,155,147,162,175,156,87,146,153,168,114,179,171,163,168,151,163,173,118,150,136,174,175,158,153,160,160,168,138,166,162,152,183,153,136,143,169,167,160,164,146,153,135,171
143,166,149,112,142,162,151,155,146,174,167,120,179,108,168,155,165,177,149,179,134,184,152,155,161,162,151,156,179,168,137,161,170,167,169,167,167,102,128,176,146,167,75,85,75,76,87,86,92,76,85,85,77,87,85,105,73,74,74,102,84,76,89,74,75,78,92,77,77,85,92,84,93,85,74,86,95,74,77,85,84,79,75,92,76,76,75,74,102,76,76,161,127,148,125,141,156,161,164,161,155,167,140,124,170,180,143,173,137,152,165,168,148,162,155
148,141,118,111,123,158,65,62,125,116,82,133,161,40,95,106,135,159,128,72,54,115,114,60,178,125,66,55,115,112,90,172,130,21,54,32,23,125,103,49,161,52,26,50,125,104,78,169,78,119,110,21,129,169,68,105,120,88,92,108,166,124,38,124,93,100,189,162,70,55,125,114,128,162,28,110,83,116,96,133,161,126,54,51,34,43,124,82,109
134,86,125,97,115,157,157,70,35,86,119,110,117,120,92,92,74,127,121,171,133,103,148,117,103,76,111,100,93,91,110,108,102,95,111,104,127,123,140,136,100,130,122,149,126,107,106,112,105,96,82,118,105,124,125,138,153,137,37,119
