0.508,0.519,0.570,0.525,0.590,0.518,0.620,0.519,0.570,0.610,0.244,0.553,0.380,0.563,0.516,0.573,0.435,0.576,0.550,0.522,0.565,0.521,0.624,0.466,0.547,0.479,0.611,0.604,0.513,0.572,0.497,0.259,0.565,0.561,0.554,0.575,0.555,0.559,0.600,0.407,0.228,0.505,0.496,0.462,0.619,0.476,0.469,0.377,0.250,0.527,0.674,0.468,0.662,0.485,0.396,0.672,0.482,0.378,0.506
0.451,0.461,0.512,0.467,0.532,0.460,0.562,0.461,0.512,0.553,0.200,0.495,0.312,0.505,0.458,0.515,0.372,0.519,0.493,0.464,0.508,0.463,0.566,0.406,0.490,0.418,0.553,0.546,0.456,0.514,0.439,0.214,0.507,0.504,0.496,0.517,0.498,0.501,0.543,0.339,0.184,0.447,0.438,0.401,0.561,0.416,0.410,0.309,0.205,0.469,0.617,0.406,0.604,0.426,0.331,0.614,0.424,0.310,0.448
0.421,0.432,0.483,0.438,0.503,0.431,0.533,0.432,0.483,0.523,0.158,0.466,0.286,0.475,0.429,0.486,0.343,0.489,0.463,0.435,0.478,0.434,0.537,0.376,0.460,0.389,0.524,0.517,0.426,0.485,0.409,0.173,0.478,0.474,0.467,0.488,0.468,0.472,0.513,0.313,0.143,0.418,0.409,0.371,0.532,0.387,0.381,0.283,0.166,0.440,0.587,0.377,0.574,0.397,0.302,0.585,0.395,0.284,0.419
0.447,0.458,0.509,0.464,0.529,0.457,0.559,0.458,0.509,0.549,0.183,0.492,0.312,0.502,0.455,0.512,0.369,0.516,0.490,0.461,0.505,0.460,0.563,0.403,0.487,0.415,0.550,0.543,0.453,0.511,0.436,0.198,0.504,0.501,0.493,0.514,0.495,0.498,0.539,0.339,0.167,0.444,0.435,0.397,0.558,0.413,0.407,0.309,0.191,0.466,0.614,0.403,0.601,0.423,0.328,0.611,0.421,0.310,0.445
0.392,0.402,0.453,0.408,0.474,0.402,0.504,0.402,0.453,0.494,0.146,0.436,0.259,0.446,0.399,0.456,0.313,0.460,0.434,0.405,0.449,0.404,0.507,0.347,0.431,0.359,0.494,0.487,0.397,0.455,0.380,0.161,0.448,0.445,0.437,0.458,0.439,0.442,0.484,0.285,0.131,0.388,0.379,0.342,0.502,0.357,0.352,0.257,0.154,0.411,0.558,0.347,0.545,0.368,0.274,0.555,0.365,0.258,0.390
0.458,0.469,0.520,0.475,0.540,0.468,0.570,0.469,0.520,0.560,0.218,0.503,0.321,0.513,0.466,0.523,0.380,0.526,0.500,0.472,0.515,0.471,0.574,0.413,0.498,0.426,0.561,0.554,0.463,0.522,0.447,0.232,0.515,0.511,0.504,0.525,0.506,0.509,0.550,0.347,0.203,0.455,0.446,0.408,0.569,0.424,0.418,0.317,0.223,0.477,0.624,0.414,0.612,0.434,0.339,0.622,0.432,0.318,0.456
0.353,0.363,0.414,0.369,0.435,0.363,0.465,0.363,0.415,0.455,0.216,0.397,0.223,0.407,0.360,0.418,0.275,0.421,0.395,0.366,0.410,0.366,0.469,0.308,0.392,0.320,0.456,0.448,0.358,0.416,0.341,0.225,0.410,0.406,0.398,0.419,0.400,0.404,0.445,0.243,0.202,0.349,0.340,0.303,0.463,0.319,0.313,0.218,0.212,0.372,0.519,0.308,0.506,0.329,0.235,0.516,0.326,0.220,0.351
0.419,0.430,0.481,0.436,0.501,0.429,0.531,0.430,0.481,0.521,0.181,0.463,0.282,0.473,0.427,0.484,0.341,0.487,0.461,0.433,0.476,0.432,0.535,0.374,0.458,0.387,0.522,0.515,0.424,0.483,0.407,0.195,0.476,0.472,0.465,0.486,0.466,0.470,0.511,0.308,0.166,0.415,0.407,0.369,0.530,0.385,0.379,0.278,0.185,0.438,0.585,0.374,0.572,0.395,0.300,0.583,0.392,0.279,0.417
0.313,0.324,0.375,0.330,0.395,0.323,0.425,0.324,0.375,0.415,0.133,0.357,0.197,0.367,0.321,0.378,0.235,0.381,0.355,0.327,0.370,0.326,0.429,0.268,0.352,0.281,0.416,0.409,0.318,0.377,0.301,0.146,0.370,0.366,0.359,0.380,0.360,0.364,0.405,0.217,0.118,0.310,0.301,0.263,0.424,0.279,0.273,0.193,0.137,0.332,0.479,0.268,0.466,0.289,0.204,0.477,0.287,0.195,0.311
0.404,0.415,0.465,0.421,0.486,0.414,0.516,0.415,0.466,0.506,0.185,0.448,0.277,0.458,0.412,0.469,0.326,0.472,0.446,0.418,0.461,0.417,0.520,0.359,0.443,0.372,0.507,0.500,0.409,0.468,0.392,0.199,0.461,0.457,0.450,0.471,0.451,0.455,0.496,0.301,0.169,0.400,0.391,0.354,0.515,0.370,0.364,0.274,0.191,0.423,0.570,0.359,0.557,0.380,0.289,0.568,0.377,0.276,0.402
0.249,0.260,0.311,0.266,0.331,0.259,0.361,0.260,0.311,0.351,0.121,0.294,0.148,0.303,0.257,0.314,0.182,0.317,0.291,0.263,0.306,0.262,0.365,0.205,0.288,0.219,0.352,0.345,0.254,0.313,0.237,0.128,0.306,0.302,0.295,0.316,0.296,0.300,0.341,0.171,0.110,0.246,0.237,0.201,0.360,0.215,0.209,0.145,0.118,0.268,0.415,0.210,0.402,0.225,0.154,0.413,0.223,0.148,0.247
0.435,0.445,0.496,0.451,0.516,0.444,0.546,0.445,0.496,0.537,0.253,0.479,0.307,0.489,0.442,0.499,0.356,0.503,0.477,0.448,0.492,0.447,0.550,0.390,0.474,0.402,0.537,0.530,0.440,0.498,0.423,0.265,0.491,0.488,0.480,0.501,0.482,0.485,0.527,0.328,0.238,0.431,0.422,0.385,0.545,0.400,0.394,0.302,0.254,0.453,0.601,0.390,0.588,0.410,0.316,0.598,0.408,0.304,0.432
0.258,0.268,0.319,0.275,0.340,0.268,0.370,0.269,0.320,0.360,0.068,0.302,0.128,0.312,0.266,0.323,0.181,0.326,0.300,0.271,0.315,0.271,0.374,0.213,0.297,0.226,0.361,0.353,0.263,0.321,0.246,0.058,0.315,0.311,0.304,0.325,0.305,0.309,0.350,0.156,0.080,0.254,0.245,0.209,0.369,0.224,0.218,0.126,0.051,0.277,0.424,0.215,0.411,0.234,0.144,0.422,0.231,0.127,0.256
0.452,0.463,0.514,0.469,0.534,0.462,0.564,0.463,0.514,0.554,0.180,0.497,0.315,0.507,0.460,0.517,0.374,0.520,0.494,0.466,0.509,0.465,0.568,0.408,0.492,0.420,0.555,0.548,0.458,0.516,0.441,0.195,0.509,0.505,0.498,0.519,0.500,0.503,0.544,0.343,0.164,0.449,0.440,0.402,0.563,0.418,0.412,0.313,0.188,0.471,0.618,0.408,0.606,0.428,0.333,0.616,0.426,0.314,0.450
0.455,0.466,0.517,0.472,0.537,0.465,0.567,0.466,0.517,0.557,0.190,0.500,0.319,0.510,0.463,0.520,0.377,0.523,0.497,0.469,0.512,0.468,0.571,0.410,0.495,0.423,0.558,0.551,0.460,0.519,0.444,0.204,0.512,0.508,0.501,0.522,0.503,0.506,0.547,0.347,0.174,0.452,0.443,0.405,0.566,0.421,0.415,0.317,0.197,0.474,0.621,0.411,0.609,0.431,0.336,0.619,0.429,0.318,0.453
0.426,0.437,0.488,0.443,0.508,0.436,0.538,0.437,0.488,0.528,0.161,0.471,0.290,0.481,0.434,0.491,0.348,0.494,0.468,0.440,0.483,0.439,0.542,0.382,0.466,0.394,0.529,0.522,0.432,0.490,0.415,0.176,0.483,0.479,0.472,0.493,0.474,0.477,0.518,0.318,0.146,0.423,0.414,0.376,0.537,0.392,0.386,0.288,0.169,0.445,0.592,0.382,0.580,0.402,0.307,0.590,0.400,0.289,0.424
0.086,0.088,0.137,0.096,0.157,0.089,0.186,0.089,0.137,0.176,0.244,0.119,0.064,0.129,0.086,0.140,0.030,0.143,0.118,0.090,0.133,0.092,0.190,0.045,0.115,0.045,0.179,0.170,0.081,0.139,0.067,0.230,0.133,0.130,0.124,0.142,0.124,0.128,0.167,0.037,0.260,0.078,0.062,0.044,0.185,0.053,0.059,0.069,0.233,0.093,0.241,0.038,0.228,0.054,0.047,0.238,0.050,0.067,0.075
0.250,0.261,0.312,0.267,0.332,0.260,0.362,0.261,0.312,0.352,0.147,0.294,0.130,0.304,0.258,0.315,0.172,0.318,0.292,0.264,0.307,0.263,0.366,0.205,0.289,0.218,0.353,0.346,0.255,0.314,0.238,0.147,0.307,0.303,0.296,0.317,0.297,0.301,0.342,0.148,0.141,0.246,0.238,0.200,0.361,0.216,0.210,0.125,0.136,0.269,0.416,0.205,0.403,0.226,0.136,0.414,0.223,0.127,0.248
0.365,0.376,0.427,0.382,0.447,0.375,0.477,0.376,0.427,0.467,0.163,0.409,0.230,0.419,0.373,0.430,0.287,0.433,0.407,0.379,0.422,0.378,0.481,0.320,0.404,0.333,0.468,0.461,0.370,0.429,0.353,0.175,0.422,0.418,0.411,0.432,0.412,0.416,0.457,0.256,0.149,0.361,0.353,0.315,0.476,0.331,0.325,0.226,0.165,0.384,0.531,0.320,0.518,0.341,0.247,0.529,0.338,0.228,0.363
0.135,0.146,0.197,0.152,0.217,0.145,0.247,0.146,0.197,0.237,0.185,0.180,0.056,0.190,0.143,0.200,0.071,0.203,0.177,0.149,0.192,0.148,0.251,0.091,0.175,0.104,0.238,0.231,0.141,0.199,0.124,0.171,0.192,0.188,0.182,0.202,0.183,0.186,0.227,0.068,0.199,0.132,0.123,0.087,0.246,0.102,0.096,0.052,0.172,0.154,0.301,0.094,0.289,0.111,0.049,0.299,0.109,0.053,0.133
0.447,0.457,0.508,0.463,0.529,0.457,0.559,0.458,0.509,0.549,0.266,0.491,0.321,0.501,0.454,0.512,0.369,0.515,0.489,0.460,0.504,0.460,0.563,0.402,0.486,0.414,0.550,0.542,0.452,0.510,0.435,0.278,0.504,0.500,0.493,0.513,0.494,0.498,0.539,0.341,0.251,0.443,0.434,0.397,0.558,0.413,0.407,0.316,0.268,0.466,0.613,0.402,0.600,0.423,0.329,0.611,0.420,0.319,0.445
0.482,0.493,0.544,0.499,0.564,0.492,0.594,0.493,0.544,0.584,0.213,0.527,0.346,0.537,0.490,0.547,0.404,0.550,0.524,0.496,0.539,0.495,0.598,0.438,0.522,0.450,0.585,0.578,0.488,0.546,0.471,0.227,0.539,0.535,0.528,0.549,0.530,0.533,0.574,0.373,0.197,0.479,0.470,0.432,0.593,0.448,0.442,0.343,0.220,0.501,0.648,0.438,0.636,0.458,0.363,0.646,0.456,0.344,0.480
0.234,0.244,0.295,0.250,0.316,0.244,0.346,0.245,0.296,0.336,0.137,0.278,0.113,0.288,0.241,0.299,0.156,0.302,0.276,0.247,0.291,0.247,0.350,0.189,0.273,0.201,0.337,0.329,0.239,0.297,0.222,0.138,0.291,0.287,0.280,0.300,0.281,0.285,0.326,0.132,0.129,0.230,0.221,0.184,0.345,0.200,0.194,0.108,0.126,0.253,0.400,0.189,0.387,0.210,0.120,0.398,0.207,0.110,0.232
0.493,0.504,0.555,0.510,0.575,0.503,0.605,0.504,0.555,0.595,0.230,0.538,0.363,0.547,0.501,0.558,0.418,0.561,0.535,0.507,0.550,0.506,0.609,0.450,0.532,0.463,0.596,0.589,0.499,0.557,0.482,0.244,0.550,0.546,0.539,0.560,0.540,0.544,0.585,0.390,0.214,0.490,0.481,0.446,0.604,0.461,0.455,0.359,0.235,0.512,0.659,0.452,0.647,0.470,0.379,0.657,0.467,0.361,0.491
0.420,0.430,0.481,0.437,0.502,0.430,0.532,0.431,0.482,0.522,0.180,0.464,0.289,0.474,0.428,0.485,0.342,0.488,0.462,0.434,0.477,0.433,0.536,0.375,0.459,0.388,0.523,0.516,0.425,0.483,0.408,0.195,0.477,0.473,0.466,0.487,0.467,0.471,0.512,0.314,0.165,0.416,0.407,0.370,0.531,0.386,0.380,0.286,0.187,0.439,0.586,0.375,0.573,0.396,0.303,0.584,0.393,0.287,0.418
0.475,0.485,0.536,0.491,0.557,0.485,0.587,0.485,0.536,0.577,0.215,0.519,0.350,0.529,0.482,0.540,0.405,0.543,0.517,0.488,0.532,0.488,0.591,0.433,0.514,0.447,0.578,0.570,0.480,0.538,0.463,0.230,0.532,0.528,0.520,0.541,0.522,0.526,0.567,0.377,0.200,0.472,0.463,0.430,0.585,0.443,0.436,0.347,0.222,0.494,0.641,0.437,0.628,0.452,0.366,0.638,0.449,0.349,0.473
0.386,0.397,0.448,0.403,0.468,0.396,0.498,0.397,0.448,0.488,0.174,0.431,0.261,0.441,0.394,0.451,0.308,0.454,0.428,0.400,0.443,0.399,0.502,0.341,0.426,0.354,0.489,0.482,0.391,0.450,0.375,0.189,0.443,0.439,0.432,0.453,0.434,0.437,0.478,0.285,0.159,0.383,0.374,0.336,0.497,0.352,0.346,0.258,0.180,0.405,0.552,0.342,0.540,0.362,0.273,0.550,0.360,0.260,0.384
0.347,0.357,0.408,0.363,0.429,0.356,0.459,0.357,0.408,0.449,0.207,0.391,0.216,0.401,0.354,0.411,0.268,0.415,0.389,0.360,0.404,0.359,0.462,0.302,0.386,0.314,0.449,0.442,0.352,0.410,0.335,0.215,0.403,0.400,0.392,0.413,0.394,0.397,0.439,0.239,0.192,0.343,0.334,0.297,0.457,0.312,0.307,0.211,0.202,0.366,0.513,0.302,0.500,0.322,0.229,0.510,0.320,0.213,0.345
0.448,0.459,0.509,0.464,0.530,0.458,0.560,0.459,0.509,0.550,0.215,0.492,0.321,0.502,0.456,0.512,0.374,0.516,0.490,0.462,0.505,0.461,0.563,0.406,0.487,0.419,0.550,0.543,0.454,0.511,0.437,0.229,0.504,0.501,0.493,0.514,0.495,0.498,0.540,0.349,0.200,0.445,0.436,0.401,0.558,0.416,0.410,0.319,0.220,0.467,0.614,0.408,0.601,0.425,0.336,0.611,0.422,0.320,0.446
0.393,0.404,0.455,0.410,0.475,0.403,0.505,0.404,0.455,0.495,0.157,0.438,0.256,0.448,0.401,0.458,0.315,0.461,0.435,0.407,0.450,0.406,0.509,0.349,0.433,0.361,0.496,0.489,0.399,0.457,0.382,0.170,0.450,0.446,0.439,0.460,0.441,0.444,0.485,0.283,0.141,0.390,0.381,0.343,0.504,0.359,0.353,0.252,0.161,0.412,0.559,0.349,0.547,0.369,0.274,0.557,0.367,0.254,0.391
0.505,0.515,0.566,0.521,0.586,0.514,0.616,0.515,0.566,0.607,0.230,0.549,0.376,0.559,0.512,0.569,0.432,0.573,0.547,0.518,0.562,0.517,0.620,0.463,0.544,0.476,0.607,0.600,0.510,0.568,0.493,0.245,0.561,0.558,0.550,0.571,0.552,0.555,0.597,0.403,0.215,0.502,0.493,0.459,0.615,0.473,0.466,0.372,0.237,0.523,0.671,0.466,0.658,0.482,0.393,0.668,0.479,0.374,0.502
0.248,0.258,0.309,0.264,0.330,0.258,0.360,0.259,0.310,0.350,0.088,0.292,0.135,0.302,0.255,0.313,0.179,0.316,0.290,0.261,0.305,0.261,0.364,0.204,0.287,0.218,0.351,0.343,0.253,0.311,0.236,0.094,0.305,0.301,0.294,0.314,0.295,0.299,0.340,0.161,0.088,0.244,0.235,0.200,0.359,0.214,0.208,0.133,0.089,0.267,0.414,0.208,0.401,0.224,0.145,0.412,0.221,0.134,0.246
0.419,0.429,0.480,0.436,0.501,0.429,0.531,0.430,0.481,0.521,0.178,0.463,0.281,0.473,0.427,0.484,0.341,0.487,0.461,0.432,0.476,0.432,0.535,0.374,0.458,0.387,0.522,0.514,0.424,0.482,0.407,0.192,0.476,0.472,0.465,0.486,0.466,0.470,0.511,0.308,0.162,0.415,0.406,0.369,0.530,0.385,0.379,0.277,0.182,0.438,0.585,0.374,0.572,0.395,0.300,0.583,0.392,0.279,0.417
0.474,0.485,0.536,0.491,0.556,0.484,0.586,0.485,0.536,0.576,0.280,0.519,0.344,0.528,0.482,0.539,0.396,0.542,0.516,0.488,0.531,0.487,0.590,0.429,0.513,0.442,0.577,0.570,0.479,0.538,0.462,0.293,0.531,0.527,0.520,0.541,0.521,0.525,0.566,0.368,0.265,0.471,0.462,0.424,0.585,0.440,0.434,0.341,0.282,0.493,0.640,0.430,0.628,0.450,0.356,0.638,0.448,0.343,0.472
0.477,0.488,0.539,0.494,0.559,0.487,0.589,0.488,0.539,0.579,0.280,0.522,0.344,0.532,0.485,0.542,0.399,0.545,0.519,0.491,0.534,0.490,0.593,0.432,0.517,0.445,0.580,0.573,0.482,0.541,0.466,0.293,0.534,0.530,0.523,0.544,0.525,0.528,0.569,0.369,0.265,0.474,0.465,0.427,0.588,0.443,0.437,0.342,0.283,0.496,0.643,0.433,0.631,0.453,0.359,0.641,0.451,0.343,0.475
0.414,0.425,0.476,0.431,0.496,0.424,0.526,0.425,0.476,0.516,0.197,0.459,0.288,0.469,0.422,0.479,0.336,0.482,0.456,0.428,0.471,0.427,0.530,0.369,0.453,0.382,0.517,0.510,0.419,0.478,0.402,0.211,0.471,0.467,0.460,0.481,0.461,0.465,0.506,0.312,0.181,0.411,0.402,0.364,0.525,0.380,0.374,0.284,0.202,0.433,0.580,0.370,0.568,0.390,0.300,0.578,0.388,0.286,0.412
0.413,0.423,0.474,0.429,0.495,0.423,0.525,0.424,0.475,0.515,0.163,0.457,0.275,0.467,0.420,0.478,0.335,0.481,0.455,0.426,0.470,0.426,0.529,0.368,0.452,0.380,0.516,0.508,0.418,0.476,0.401,0.178,0.470,0.466,0.459,0.479,0.460,0.464,0.505,0.302,0.148,0.409,0.400,0.363,0.524,0.379,0.373,0.271,0.168,0.432,0.579,0.368,0.566,0.389,0.294,0.577,0.386,0.272,0.411
0.431,0.441,0.492,0.447,0.513,0.440,0.543,0.441,0.492,0.533,0.217,0.475,0.305,0.485,0.438,0.495,0.352,0.499,0.473,0.444,0.488,0.443,0.546,0.386,0.470,0.398,0.533,0.526,0.436,0.494,0.419,0.232,0.487,0.484,0.476,0.497,0.478,0.481,0.523,0.329,0.202,0.427,0.418,0.381,0.541,0.396,0.391,0.302,0.222,0.450,0.597,0.386,0.584,0.406,0.317,0.594,0.404,0.304,0.429
0.334,0.344,0.395,0.350,0.416,0.344,0.446,0.345,0.396,0.436,0.132,0.378,0.199,0.388,0.341,0.399,0.256,0.402,0.376,0.347,0.391,0.347,0.450,0.289,0.373,0.301,0.437,0.429,0.339,0.397,0.322,0.144,0.391,0.387,0.380,0.400,0.381,0.385,0.426,0.224,0.118,0.330,0.321,0.284,0.445,0.300,0.294,0.195,0.134,0.353,0.500,0.289,0.487,0.310,0.215,0.498,0.307,0.197,0.332
0.204,0.215,0.265,0.221,0.286,0.214,0.316,0.215,0.266,0.306,0.117,0.248,0.101,0.258,0.212,0.269,0.139,0.272,0.246,0.218,0.261,0.217,0.320,0.161,0.243,0.176,0.307,0.300,0.209,0.268,0.192,0.105,0.261,0.257,0.250,0.271,0.251,0.255,0.296,0.126,0.132,0.200,0.191,0.157,0.315,0.170,0.164,0.099,0.103,0.223,0.370,0.167,0.357,0.181,0.109,0.368,0.177,0.101,0.202
0.286,0.297,0.348,0.303,0.368,0.296,0.398,0.297,0.348,0.388,0.053,0.330,0.156,0.340,0.294,0.351,0.210,0.354,0.328,0.300,0.343,0.299,0.402,0.241,0.325,0.254,0.389,0.382,0.291,0.350,0.274,0.057,0.343,0.339,0.332,0.353,0.333,0.337,0.378,0.184,0.053,0.282,0.274,0.237,0.397,0.252,0.246,0.154,0.048,0.305,0.452,0.244,0.439,0.262,0.172,0.450,0.259,0.155,0.284
0.161,0.171,0.222,0.177,0.243,0.171,0.273,0.171,0.222,0.263,0.183,0.205,0.092,0.215,0.168,0.225,0.097,0.229,0.203,0.174,0.218,0.173,0.276,0.117,0.200,0.131,0.263,0.256,0.166,0.224,0.149,0.174,0.217,0.214,0.207,0.227,0.208,0.211,0.253,0.102,0.190,0.157,0.148,0.114,0.271,0.127,0.121,0.088,0.167,0.180,0.327,0.122,0.314,0.137,0.083,0.324,0.134,0.090,0.159
0.497,0.508,0.558,0.513,0.578,0.507,0.608,0.508,0.558,0.599,0.221,0.541,0.363,0.551,0.505,0.561,0.420,0.565,0.539,0.511,0.554,0.510,0.612,0.454,0.536,0.466,0.599,0.592,0.503,0.560,0.486,0.236,0.553,0.550,0.542,0.563,0.544,0.547,0.589,0.389,0.205,0.494,0.485,0.449,0.607,0.464,0.458,0.358,0.228,0.516,0.663,0.455,0.650,0.474,0.380,0.660,0.471,0.360,0.495
0.478,0.488,0.539,0.494,0.560,0.487,0.590,0.488,0.539,0.580,0.228,0.522,0.350,0.532,0.485,0.542,0.403,0.546,0.520,0.491,0.535,0.490,0.593,0.434,0.517,0.447,0.580,0.573,0.483,0.541,0.466,0.243,0.534,0.531,0.523,0.544,0.525,0.528,0.570,0.377,0.213,0.474,0.465,0.429,0.588,0.444,0.438,0.348,0.234,0.497,0.644,0.435,0.631,0.454,0.365,0.641,0.451,0.349,0.476
0.297,0.307,0.358,0.313,0.379,0.306,0.408,0.307,0.358,0.399,0.117,0.341,0.181,0.351,0.304,0.361,0.218,0.365,0.339,0.310,0.354,0.309,0.412,0.252,0.336,0.264,0.399,0.392,0.302,0.360,0.285,0.130,0.353,0.350,0.342,0.363,0.344,0.347,0.389,0.200,0.102,0.293,0.284,0.247,0.407,0.262,0.257,0.177,0.121,0.315,0.463,0.252,0.450,0.272,0.187,0.460,0.270,0.179,0.294
0.485,0.497,0.546,0.502,0.567,0.495,0.597,0.496,0.547,0.587,0.206,0.529,0.353,0.539,0.493,0.550,0.411,0.553,0.527,0.500,0.542,0.498,0.601,0.443,0.524,0.456,0.588,0.581,0.492,0.548,0.474,0.221,0.542,0.538,0.531,0.552,0.532,0.536,0.577,0.380,0.191,0.483,0.474,0.439,0.596,0.454,0.448,0.349,0.212,0.504,0.651,0.445,0.638,0.463,0.371,0.649,0.460,0.351,0.484
0.140,0.151,0.200,0.156,0.221,0.149,0.251,0.150,0.201,0.241,0.188,0.183,0.030,0.193,0.147,0.204,0.068,0.207,0.181,0.154,0.196,0.152,0.255,0.099,0.178,0.112,0.242,0.234,0.146,0.202,0.128,0.175,0.196,0.192,0.185,0.205,0.186,0.190,0.231,0.042,0.203,0.137,0.128,0.096,0.249,0.108,0.104,0.027,0.172,0.158,0.305,0.101,0.292,0.117,0.046,0.303,0.114,0.034,0.138
0.174,0.185,0.236,0.191,0.256,0.184,0.286,0.185,0.236,0.276,0.144,0.219,0.072,0.229,0.182,0.239,0.104,0.243,0.217,0.188,0.232,0.187,0.290,0.130,0.214,0.143,0.277,0.270,0.180,0.238,0.163,0.130,0.231,0.228,0.222,0.241,0.222,0.225,0.266,0.092,0.160,0.171,0.162,0.125,0.285,0.140,0.134,0.069,0.133,0.193,0.341,0.133,0.328,0.150,0.075,0.338,0.148,0.071,0.172
0.254,0.265,0.316,0.271,0.336,0.264,0.366,0.265,0.316,0.356,0.125,0.299,0.148,0.309,0.262,0.319,0.188,0.322,0.296,0.268,0.311,0.267,0.370,0.212,0.294,0.226,0.357,0.350,0.260,0.318,0.243,0.130,0.311,0.307,0.300,0.321,0.302,0.305,0.346,0.172,0.117,0.251,0.242,0.209,0.365,0.222,0.215,0.145,0.119,0.273,0.420,0.217,0.408,0.231,0.156,0.418,0.228,0.147,0.252
0.480,0.490,0.541,0.496,0.561,0.489,0.591,0.490,0.541,0.581,0.213,0.523,0.346,0.533,0.487,0.544,0.404,0.547,0.521,0.493,0.536,0.492,0.595,0.436,0.518,0.449,0.582,0.575,0.485,0.543,0.468,0.227,0.536,0.532,0.525,0.546,0.526,0.530,0.571,0.373,0.197,0.476,0.467,0.431,0.590,0.447,0.441,0.342,0.219,0.499,0.645,0.438,0.632,0.456,0.364,0.643,0.454,0.344,0.478
0.059,0.053,0.099,0.061,0.118,0.057,0.147,0.057,0.100,0.137,0.284,0.084,0.104,0.092,0.054,0.102,0.046,0.104,0.081,0.055,0.097,0.058,0.151,0.033,0.080,0.019,0.141,0.132,0.047,0.102,0.039,0.269,0.097,0.094,0.087,0.103,0.088,0.093,0.128,0.077,0.300,0.048,0.032,0.035,0.148,0.036,0.051,0.109,0.273,0.057,0.201,0.023,0.188,0.027,0.085,0.198,0.034,0.107,0.042
0.368,0.379,0.429,0.384,0.449,0.378,0.479,0.378,0.429,0.469,0.170,0.411,0.237,0.421,0.376,0.432,0.293,0.435,0.409,0.382,0.424,0.381,0.483,0.326,0.406,0.339,0.470,0.463,0.374,0.431,0.357,0.179,0.424,0.420,0.413,0.434,0.414,0.418,0.459,0.264,0.155,0.365,0.356,0.321,0.478,0.336,0.330,0.234,0.167,0.387,0.533,0.327,0.520,0.345,0.253,0.531,0.342,0.235,0.366
0.062,0.057,0.096,0.063,0.114,0.061,0.141,0.062,0.097,0.133,0.291,0.082,0.111,0.089,0.058,0.097,0.052,0.101,0.080,0.056,0.095,0.061,0.145,0.034,0.079,0.019,0.136,0.129,0.049,0.099,0.042,0.277,0.095,0.092,0.086,0.100,0.086,0.092,0.122,0.084,0.307,0.049,0.035,0.035,0.143,0.035,0.051,0.116,0.280,0.057,0.193,0.025,0.180,0.025,0.092,0.191,0.034,0.114,0.045
0.426,0.437,0.488,0.443,0.508,0.436,0.538,0.437,0.488,0.528,0.207,0.471,0.305,0.481,0.434,0.491,0.357,0.494,0.468,0.440,0.483,0.439,0.542,0.384,0.466,0.399,0.529,0.522,0.432,0.490,0.415,0.221,0.483,0.479,0.472,0.493,0.474,0.477,0.518,0.333,0.192,0.423,0.414,0.381,0.537,0.393,0.386,0.303,0.211,0.445,0.592,0.389,0.580,0.404,0.320,0.590,0.400,0.305,0.424
0.094,0.104,0.155,0.111,0.176,0.104,0.206,0.105,0.155,0.196,0.225,0.138,0.064,0.148,0.101,0.158,0.040,0.162,0.136,0.107,0.151,0.107,0.209,0.049,0.133,0.062,0.196,0.189,0.099,0.157,0.082,0.210,0.150,0.147,0.141,0.160,0.141,0.144,0.186,0.055,0.241,0.090,0.081,0.045,0.204,0.059,0.054,0.065,0.214,0.113,0.260,0.054,0.247,0.070,0.041,0.257,0.067,0.061,0.092
0.066,0.060,0.099,0.066,0.117,0.064,0.144,0.065,0.100,0.136,0.288,0.085,0.108,0.093,0.062,0.101,0.049,0.105,0.083,0.059,0.098,0.064,0.148,0.037,0.083,0.022,0.139,0.132,0.052,0.103,0.045,0.274,0.098,0.095,0.089,0.103,0.090,0.095,0.125,0.081,0.304,0.053,0.038,0.035,0.146,0.038,0.053,0.113,0.277,0.061,0.197,0.026,0.184,0.029,0.089,0.194,0.037,0.111,0.049
0.078,0.087,0.138,0.095,0.159,0.088,0.189,0.088,0.138,0.179,0.242,0.121,0.068,0.131,0.085,0.141,0.023,0.145,0.119,0.090,0.134,0.091,0.192,0.032,0.116,0.045,0.180,0.172,0.082,0.140,0.065,0.227,0.134,0.130,0.125,0.143,0.125,0.128,0.169,0.051,0.258,0.075,0.064,0.031,0.187,0.044,0.040,0.072,0.231,0.096,0.243,0.035,0.230,0.053,0.045,0.240,0.050,0.066,0.075
0.218,0.228,0.279,0.235,0.300,0.228,0.330,0.229,0.280,0.320,0.101,0.262,0.100,0.272,0.225,0.283,0.147,0.286,0.260,0.231,0.275,0.231,0.334,0.174,0.257,0.187,0.321,0.313,0.223,0.281,0.206,0.086,0.275,0.271,0.265,0.285,0.265,0.269,0.310,0.127,0.116,0.214,0.205,0.169,0.329,0.184,0.179,0.099,0.089,0.237,0.384,0.176,0.371,0.194,0.111,0.382,0.192,0.099,0.216
0.544,0.555,0.605,0.560,0.625,0.554,0.655,0.554,0.605,0.645,0.257,0.588,0.410,0.598,0.551,0.608,0.467,0.611,0.585,0.558,0.600,0.556,0.659,0.500,0.583,0.513,0.646,0.639,0.550,0.607,0.532,0.272,0.600,0.596,0.589,0.610,0.590,0.594,0.635,0.436,0.242,0.541,0.532,0.495,0.654,0.511,0.505,0.405,0.264,0.563,0.709,0.501,0.697,0.521,0.427,0.707,0.518,0.407,0.542
