0.024,0.024,0.024,0.024,0.024,0.024,0.024,0.024,0.024,0.024,0.024,0.024,0.024,0.024,0.024,0.024,0.024,0.024,0.024,0.024,0.024,0.024,0.024,0.024,0.024,0.024,0.024,0.024,0.024,0.024,0.024,0.024,0.024,0.024,0.024,0.024,0.024,0.024,0.024,0.024,0.024,0.024,0.024,0.024,0.024,0.024,0.024,0.024,0.024,0.024,0.024,0.024,0.024,0.024,0.024,0.024,0.024,0.024,0.024
0.022,0.022,0.022,0.022,0.022,0.022,0.022,0.022,0.022,0.022,0.022,0.022,0.022,0.022,0.022,0.022,0.022,0.022,0.022,0.022,0.022,0.022,0.022,0.022,0.022,0.022,0.022,0.022,0.022,0.022,0.022,0.022,0.022,0.022,0.022,0.022,0.022,0.022,0.022,0.022,0.022,0.022,0.022,0.022,0.022,0.022,0.022,0.022,0.022,0.022,0.022,0.022,0.022,0.022,0.022,0.022,0.022,0.022,0.022
0.023,0.023,0.023,0.023,0.023,0.023,0.023,0.023,0.023,0.023,0.023,0.023,0.023,0.023,0.023,0.023,0.023,0.023,0.023,0.023,0.023,0.023,0.023,0.023,0.023,0.023,0.023,0.023,0.023,0.023,0.023,0.023,0.023,0.023,0.023,0.023,0.023,0.023,0.023,0.023,0.023,0.023,0.023,0.023,0.023,0.023,0.023,0.023,0.023,0.023,0.023,0.023,0.023,0.023,0.023,0.023,0.023,0.023,0.023
0.022,0.022,0.022,0.022,0.022,0.022,0.022,0.022,0.022,0.022,0.022,0.022,0.022,0.022,0.022,0.022,0.022,0.022,0.022,0.022,0.022,0.022,0.022,0.022,0.022,0.022,0.022,0.022,0.022,0.022,0.022,0.022,0.022,0.022,0.022,0.022,0.022,0.022,0.022,0.022,0.022,0.022,0.022,0.022,0.022,0.022,0.022,0.022,0.022,0.022,0.022,0.022,0.022,0.022,0.022,0.022,0.022,0.022,0.022
0.023,0.023,0.023,0.023,0.023,0.023,0.023,0.023,0.023,0.023,0.023,0.023,0.023,0.023,0.023,0.023,0.023,0.023,0.023,0.023,0.023,0.023,0.023,0.023,0.023,0.023,0.023,0.023,0.023,0.023,0.023,0.023,0.023,0.023,0.023,0.023,0.023,0.023,0.023,0.023,0.023,0.023,0.023,0.023,0.023,0.023,0.023,0.023,0.023,0.023,0.023,0.023,0.023,0.023,0.023,0.023,0.023,0.023,0.023
0.022,0.022,0.022,0.022,0.022,0.022,0.022,0.022,0.022,0.022,0.022,0.022,0.022,0.022,0.022,0.022,0.022,0.022,0.022,0.022,0.022,0.022,0.022,0.022,0.022,0.022,0.022,0.022,0.022,0.022,0.022,0.022,0.022,0.022,0.022,0.022,0.022,0.022,0.022,0.022,0.022,0.022,0.022,0.022,0.022,0.022,0.022,0.022,0.022,0.022,0.022,0.022,0.022,0.022,0.022,0.022,0.022,0.022,0.022
0.023,0.023,0.023,0.023,0.023,0.023,0.023,0.023,0.023,0.023,0.023,0.023,0.023,0.023,0.023,0.023,0.023,0.023,0.023,0.023,0.023,0.023,0.023,0.023,0.023,0.023,0.023,0.023,0.023,0.023,0.023,0.023,0.023,0.023,0.023,0.023,0.023,0.023,0.023,0.023,0.023,0.023,0.023,0.023,0.023,0.023,0.023,0.023,0.023,0.023,0.023,0.023,0.023,0.023,0.023,0.023,0.023,0.023,0.023
0.022,0.022,0.022,0.022,0.022,0.022,0.022,0.022,0.022,0.022,0.022,0.022,0.022,0.022,0.022,0.022,0.022,0.022,0.022,0.022,0.022,0.022,0.022,0.022,0.022,0.022,0.022,0.022,0.022,0.022,0.022,0.022,0.022,0.022,0.022,0.022,0.022,0.022,0.022,0.022,0.022,0.022,0.022,0.022,0.022,0.022,0.022,0.022,0.022,0.022,0.022,0.022,0.022,0.022,0.022,0.022,0.022,0.022,0.022
0.022,0.022,0.022,0.022,0.022,0.022,0.022,0.022,0.022,0.022,0.022,0.022,0.022,0.022,0.022,0.022,0.022,0.022,0.022,0.022,0.022,0.022,0.022,0.022,0.022,0.022,0.022,0.022,0.022,0.022,0.022,0.022,0.022,0.022,0.022,0.022,0.022,0.022,0.022,0.022,0.022,0.022,0.022,0.022,0.022,0.022,0.022,0.022,0.022,0.022,0.022,0.022,0.022,0.022,0.022,0.022,0.022,0.022,0.022
0.023,0.023,0.023,0.023,0.023,0.023,0.023,0.023,0.023,0.023,0.023,0.023,0.023,0.023,0.023,0.023,0.023,0.023,0.023,0.023,0.023,0.023,0.023,0.023,0.023,0.023,0.023,0.023,0.023,0.023,0.023,0.023,0.023,0.023,0.023,0.023,0.023,0.023,0.023,0.023,0.023,0.023,0.023,0.023,0.023,0.023,0.023,0.023,0.023,0.023,0.023,0.023,0.023,0.023,0.023,0.023,0.023,0.023,0.023
0.279,0.279,0.279,0.279,0.279,0.279,0.279,0.279,0.279,0.279,0.279,0.279,0.279,0.279,0.279,0.279,0.279,0.279,0.279,0.279,0.279,0.279,0.279,0.279,0.279,0.279,0.279,0.279,0.279,0.279,0.279,0.279,0.279,0.279,0.279,0.279,0.279,0.279,0.279,0.279,0.279,0.279,0.279,0.279,0.279,0.279,0.279,0.279,0.279,0.279,0.279,0.279,0.279,0.279,0.279,0.279,0.279,0.279,0.279
0.022,0.022,0.022,0.022,0.022,0.022,0.022,0.022,0.022,0.022,0.022,0.022,0.022,0.022,0.022,0.022,0.022,0.022,0.022,0.022,0.022,0.022,0.022,0.022,0.022,0.022,0.022,0.022,0.022,0.022,0.022,0.022,0.022,0.022,0.022,0.022,0.022,0.022,0.022,0.022,0.022,0.022,0.022,0.022,0.022,0.022,0.022,0.022,0.022,0.022,0.022,0.022,0.022,0.022,0.022,0.022,0.022,0.022,0.022
0.114,0.114,0.114,0.114,0.114,0.114,0.114,0.114,0.114,0.114,0.114,0.114,0.114,0.114,0.114,0.114,0.114,0.114,0.114,0.114,0.114,0.114,0.114,0.114,0.114,0.114,0.114,0.114,0.114,0.114,0.114,0.114,0.114,0.114,0.114,0.114,0.114,0.114,0.114,0.114,0.114,0.114,0.114,0.114,0.114,0.114,0.114,0.114,0.114,0.114,0.114,0.114,0.114,0.114,0.114,0.114,0.114,0.114,0.114
0.023,0.023,0.023,0.023,0.023,0.023,0.023,0.023,0.023,0.023,0.023,0.023,0.023,0.023,0.023,0.023,0.023,0.023,0.023,0.023,0.023,0.023,0.023,0.023,0.023,0.023,0.023,0.023,0.023,0.023,0.023,0.023,0.023,0.023,0.023,0.023,0.023,0.023,0.023,0.023,0.023,0.023,0.023,0.023,0.023,0.023,0.023,0.023,0.023,0.023,0.023,0.023,0.023,0.023,0.023,0.023,0.023,0.023,0.023
0.022,0.022,0.022,0.022,0.022,0.022,0.022,0.022,0.022,0.022,0.022,0.022,0.022,0.022,0.022,0.022,0.022,0.022,0.022,0.022,0.022,0.022,0.022,0.022,0.022,0.022,0.022,0.022,0.022,0.022,0.022,0.022,0.022,0.022,0.022,0.022,0.022,0.022,0.022,0.022,0.022,0.022,0.022,0.022,0.022,0.022,0.022,0.022,0.022,0.022,0.022,0.022,0.022,0.022,0.022,0.022,0.022,0.022,0.022
0.023,0.023,0.023,0.023,0.023,0.023,0.023,0.023,0.023,0.023,0.023,0.023,0.023,0.023,0.023,0.023,0.023,0.023,0.023,0.023,0.023,0.023,0.023,0.023,0.023,0.023,0.023,0.023,0.023,0.023,0.023,0.023,0.023,0.023,0.023,0.023,0.023,0.023,0.023,0.023,0.023,0.023,0.023,0.023,0.023,0.023,0.023,0.023,0.023,0.023,0.023,0.023,0.023,0.023,0.023,0.023,0.023,0.023,0.023
0.146,0.146,0.146,0.146,0.146,0.146,0.146,0.146,0.146,0.146,0.146,0.146,0.146,0.146,0.146,0.146,0.146,0.146,0.146,0.146,0.146,0.146,0.146,0.146,0.146,0.146,0.146,0.146,0.146,0.146,0.146,0.146,0.146,0.146,0.146,0.146,0.146,0.146,0.146,0.146,0.146,0.146,0.146,0.146,0.146,0.146,0.146,0.146,0.146,0.146,0.146,0.146,0.146,0.146,0.146,0.146,0.146,0.146,0.146
0.022,0.022,0.022,0.022,0.022,0.022,0.022,0.022,0.022,0.022,0.022,0.022,0.022,0.022,0.022,0.022,0.022,0.022,0.022,0.022,0.022,0.022,0.022,0.022,0.022,0.022,0.022,0.022,0.022,0.022,0.022,0.022,0.022,0.022,0.022,0.022,0.022,0.022,0.022,0.022,0.022,0.022,0.022,0.022,0.022,0.022,0.022,0.022,0.022,0.022,0.022,0.022,0.022,0.022,0.022,0.022,0.022,0.022,0.022
0.022,0.022,0.022,0.022,0.022,0.022,0.022,0.022,0.022,0.022,0.022,0.022,0.022,0.022,0.022,0.022,0.022,0.022,0.022,0.022,0.022,0.022,0.022,0.022,0.022,0.022,0.022,0.022,0.022,0.022,0.022,0.022,0.022,0.022,0.022,0.022,0.022,0.022,0.022,0.022,0.022,0.022,0.022,0.022,0.022,0.022,0.022,0.022,0.022,0.022,0.022,0.022,0.022,0.022,0.022,0.022,0.022,0.022,0.022
0.050,0.050,0.050,0.050,0.050,0.050,0.050,0.050,0.050,0.050,0.050,0.050,0.050,0.050,0.050,0.050,0.050,0.050,0.050,0.050,0.050,0.050,0.050,0.050,0.050,0.050,0.050,0.050,0.050,0.050,0.050,0.050,0.050,0.050,0.050,0.050,0.050,0.050,0.050,0.050,0.050,0.050,0.050,0.050,0.050,0.050,0.050,0.050,0.050,0.050,0.050,0.050,0.050,0.050,0.050,0.050,0.050,0.050,0.050
0.022,0.022,0.022,0.022,0.022,0.022,0.022,0.022,0.022,0.022,0.022,0.022,0.022,0.022,0.022,0.022,0.022,0.022,0.022,0.022,0.022,0.022,0.022,0.022,0.022,0.022,0.022,0.022,0.022,0.022,0.022,0.022,0.022,0.022,0.022,0.022,0.022,0.022,0.022,0.022,0.022,0.022,0.022,0.022,0.022,0.022,0.022,0.022,0.022,0.022,0.022,0.022,0.022,0.022,0.022,0.022,0.022,0.022,0.022
0.022,0.022,0.022,0.022,0.022,0.022,0.022,0.022,0.022,0.022,0.022,0.022,0.022,0.022,0.022,0.022,0.022,0.022,0.022,0.022,0.022,0.022,0.022,0.022,0.022,0.022,0.022,0.022,0.022,0.022,0.022,0.022,0.022,0.022,0.022,0.022,0.022,0.022,0.022,0.022,0.022,0.022,0.022,0.022,0.022,0.022,0.022,0.022,0.022,0.022,0.022,0.022,0.022,0.022,0.022,0.022,0.022,0.022,0.022
0.023,0.023,0.023,0.023,0.023,0.023,0.023,0.023,0.023,0.023,0.023,0.023,0.023,0.023,0.023,0.023,0.023,0.023,0.023,0.023,0.023,0.023,0.023,0.023,0.023,0.023,0.023,0.023,0.023,0.023,0.023,0.023,0.023,0.023,0.023,0.023,0.023,0.023,0.023,0.023,0.023,0.023,0.023,0.023,0.023,0.023,0.023,0.023,0.023,0.023,0.023,0.023,0.023,0.023,0.023,0.023,0.023,0.023,0.023
0.025,0.025,0.025,0.025,0.025,0.025,0.025,0.025,0.025,0.025,0.025,0.025,0.025,0.025,0.025,0.025,0.025,0.025,0.025,0.025,0.025,0.025,0.025,0.025,0.025,0.025,0.025,0.025,0.025,0.025,0.025,0.025,0.025,0.025,0.025,0.025,0.025,0.025,0.025,0.025,0.025,0.025,0.025,0.025,0.025,0.025,0.025,0.025,0.025,0.025,0.025,0.025,0.025,0.025,0.025,0.025,0.025,0.025,0.025
0.022,0.022,0.022,0.022,0.022,0.022,0.022,0.022,0.022,0.022,0.022,0.022,0.022,0.022,0.022,0.022,0.022,0.022,0.022,0.022,0.022,0.022,0.022,0.022,0.022,0.022,0.022,0.022,0.022,0.022,0.022,0.022,0.022,0.022,0.022,0.022,0.022,0.022,0.022,0.022,0.022,0.022,0.022,0.022,0.022,0.022,0.022,0.022,0.022,0.022,0.022,0.022,0.022,0.022,0.022,0.022,0.022,0.022,0.022
0.022,0.022,0.022,0.022,0.022,0.022,0.022,0.022,0.022,0.022,0.022,0.022,0.022,0.022,0.022,0.022,0.022,0.022,0.022,0.022,0.022,0.022,0.022,0.022,0.022,0.022,0.022,0.022,0.022,0.022,0.022,0.022,0.022,0.022,0.022,0.022,0.022,0.022,0.022,0.022,0.022,0.022,0.022,0.022,0.022,0.022,0.022,0.022,0.022,0.022,0.022,0.022,0.022,0.022,0.022,0.022,0.022,0.022,0.022
0.023,0.023,0.023,0.023,0.023,0.023,0.023,0.023,0.023,0.023,0.023,0.023,0.023,0.023,0.023,0.023,0.023,0.023,0.023,0.023,0.023,0.023,0.023,0.023,0.023,0.023,0.023,0.023,0.023,0.023,0.023,0.023,0.023,0.023,0.023,0.023,0.023,0.023,0.023,0.023,0.023,0.023,0.023,0.023,0.023,0.023,0.023,0.023,0.023,0.023,0.023,0.023,0.023,0.023,0.023,0.023,0.023,0.023,0.023
0.023,0.023,0.023,0.023,0.023,0.023,0.023,0.023,0.023,0.023,0.023,0.023,0.023,0.023,0.023,0.023,0.023,0.023,0.023,0.023,0.023,0.023,0.023,0.023,0.023,0.023,0.023,0.023,0.023,0.023,0.023,0.023,0.023,0.023,0.023,0.023,0.023,0.023,0.023,0.023,0.023,0.023,0.023,0.023,0.023,0.023,0.023,0.023,0.023,0.023,0.023,0.023,0.023,0.023,0.023,0.023,0.023,0.023,0.023
0.024,0.024,0.024,0.024,0.024,0.024,0.024,0.024,0.024,0.024,0.024,0.024,0.024,0.024,0.024,0.024,0.024,0.024,0.024,0.024,0.024,0.024,0.024,0.024,0.024,0.024,0.024,0.024,0.024,0.024,0.024,0.024,0.024,0.024,0.024,0.024,0.024,0.024,0.024,0.024,0.024,0.024,0.024,0.024,0.024,0.024,0.024,0.024,0.024,0.024,0.024,0.024,0.024,0.024,0.024,0.024,0.024,0.024,0.024
0.023,0.023,0.023,0.023,0.023,0.023,0.023,0.023,0.023,0.023,0.023,0.023,0.023,0.023,0.023,0.023,0.023,0.023,0.023,0.023,0.023,0.023,0.023,0.023,0.023,0.023,0.023,0.023,0.023,0.023,0.023,0.023,0.023,0.023,0.023,0.023,0.023,0.023,0.023,0.023,0.023,0.023,0.023,0.023,0.023,0.023,0.023,0.023,0.023,0.023,0.023,0.023,0.023,0.023,0.023,0.023,0.023,0.023,0.023
0.026,0.026,0.026,0.026,0.026,0.026,0.026,0.026,0.026,0.026,0.026,0.026,0.026,0.026,0.026,0.026,0.026,0.026,0.026,0.026,0.026,0.026,0.026,0.026,0.026,0.026,0.026,0.026,0.026,0.026,0.026,0.026,0.026,0.026,0.026,0.026,0.026,0.026,0.026,0.026,0.026,0.026,0.026,0.026,0.026,0.026,0.026,0.026,0.026,0.026,0.026,0.026,0.026,0.026,0.026,0.026,0.026,0.026,0.026
0.286,0.286,0.286,0.286,0.286,0.286,0.286,0.286,0.286,0.286,0.286,0.286,0.286,0.286,0.286,0.286,0.286,0.286,0.286,0.286,0.286,0.286,0.286,0.286,0.286,0.286,0.286,0.286,0.286,0.286,0.286,0.286,0.286,0.286,0.286,0.286,0.286,0.286,0.286,0.286,0.286,0.286,0.286,0.286,0.286,0.286,0.286,0.286,0.286,0.286,0.286,0.286,0.286,0.286,0.286,0.286,0.286,0.286,0.286
0.023,0.023,0.023,0.023,0.023,0.023,0.023,0.023,0.023,0.023,0.023,0.023,0.023,0.023,0.023,0.023,0.023,0.023,0.023,0.023,0.023,0.023,0.023,0.023,0.023,0.023,0.023,0.023,0.023,0.023,0.023,0.023,0.023,0.023,0.023,0.023,0.023,0.023,0.023,0.023,0.023,0.023,0.023,0.023,0.023,0.023,0.023,0.023,0.023,0.023,0.023,0.023,0.023,0.023,0.023,0.023,0.023,0.023,0.023
0.022,0.022,0.022,0.022,0.022,0.022,0.022,0.022,0.022,0.022,0.022,0.022,0.022,0.022,0.022,0.022,0.022,0.022,0.022,0.022,0.022,0.022,0.022,0.022,0.022,0.022,0.022,0.022,0.022,0.022,0.022,0.022,0.022,0.022,0.022,0.022,0.022,0.022,0.022,0.022,0.022,0.022,0.022,0.022,0.022,0.022,0.022,0.022,0.022,0.022,0.022,0.022,0.022,0.022,0.022,0.022,0.022,0.022,0.022
0.022,0.022,0.022,0.022,0.022,0.022,0.022,0.022,0.022,0.022,0.022,0.022,0.022,0.022,0.022,0.022,0.022,0.022,0.022,0.022,0.022,0.022,0.022,0.022,0.022,0.022,0.022,0.022,0.022,0.022,0.022,0.022,0.022,0.022,0.022,0.022,0.022,0.022,0.022,0.022,0.022,0.022,0.022,0.022,0.022,0.022,0.022,0.022,0.022,0.022,0.022,0.022,0.022,0.022,0.022,0.022,0.022,0.022,0.022
0.022,0.022,0.022,0.022,0.022,0.022,0.022,0.022,0.022,0.022,0.022,0.022,0.022,0.022,0.022,0.022,0.022,0.022,0.022,0.022,0.022,0.022,0.022,0.022,0.022,0.022,0.022,0.022,0.022,0.022,0.022,0.022,0.022,0.022,0.022,0.022,0.022,0.022,0.022,0.022,0.022,0.022,0.022,0.022,0.022,0.022,0.022,0.022,0.022,0.022,0.022,0.022,0.022,0.022,0.022,0.022,0.022,0.022,0.022
0.023,0.023,0.023,0.023,0.023,0.023,0.023,0.023,0.023,0.023,0.023,0.023,0.023,0.023,0.023,0.023,0.023,0.023,0.023,0.023,0.023,0.023,0.023,0.023,0.023,0.023,0.023,0.023,0.023,0.023,0.023,0.023,0.023,0.023,0.023,0.023,0.023,0.023,0.023,0.023,0.023,0.023,0.023,0.023,0.023,0.023,0.023,0.023,0.023,0.023,0.023,0.023,0.023,0.023,0.023,0.023,0.023,0.023,0.023
0.022,0.022,0.022,0.022,0.022,0.022,0.022,0.022,0.022,0.022,0.022,0.022,0.022,0.022,0.022,0.022,0.022,0.022,0.022,0.022,0.022,0.022,0.022,0.022,0.022,0.022,0.022,0.022,0.022,0.022,0.022,0.022,0.022,0.022,0.022,0.022,0.022,0.022,0.022,0.022,0.022,0.022,0.022,0.022,0.022,0.022,0.022,0.022,0.022,0.022,0.022,0.022,0.022,0.022,0.022,0.022,0.022,0.022,0.022
0.023,0.023,0.023,0.023,0.023,0.023,0.023,0.023,0.023,0.023,0.023,0.023,0.023,0.023,0.023,0.023,0.023,0.023,0.023,0.023,0.023,0.023,0.023,0.023,0.023,0.023,0.023,0.023,0.023,0.023,0.023,0.023,0.023,0.023,0.023,0.023,0.023,0.023,0.023,0.023,0.023,0.023,0.023,0.023,0.023,0.023,0.023,0.023,0.023,0.023,0.023,0.023,0.023,0.023,0.023,0.023,0.023,0.023,0.023
0.155,0.155,0.155,0.155,0.155,0.155,0.155,0.155,0.155,0.155,0.155,0.155,0.155,0.155,0.155,0.155,0.155,0.155,0.155,0.155,0.155,0.155,0.155,0.155,0.155,0.155,0.155,0.155,0.155,0.155,0.155,0.155,0.155,0.155,0.155,0.155,0.155,0.155,0.155,0.155,0.155,0.155,0.155,0.155,0.155,0.155,0.155,0.155,0.155,0.155,0.155,0.155,0.155,0.155,0.155,0.155,0.155,0.155,0.155
0.221,0.221,0.221,0.221,0.221,0.221,0.221,0.221,0.221,0.221,0.221,0.221,0.221,0.221,0.221,0.221,0.221,0.221,0.221,0.221,0.221,0.221,0.221,0.221,0.221,0.221,0.221,0.221,0.221,0.221,0.221,0.221,0.221,0.221,0.221,0.221,0.221,0.221,0.221,0.221,0.221,0.221,0.221,0.221,0.221,0.221,0.221,0.221,0.221,0.221,0.221,0.221,0.221,0.221,0.221,0.221,0.221,0.221,0.221
0.038,0.038,0.038,0.038,0.038,0.038,0.038,0.038,0.038,0.038,0.038,0.038,0.038,0.038,0.038,0.038,0.038,0.038,0.038,0.038,0.038,0.038,0.038,0.038,0.038,0.038,0.038,0.038,0.038,0.038,0.038,0.038,0.038,0.038,0.038,0.038,0.038,0.038,0.038,0.038,0.038,0.038,0.038,0.038,0.038,0.038,0.038,0.038,0.038,0.038,0.038,0.038,0.038,0.038,0.038,0.038,0.038,0.038,0.038
0.020,0.020,0.020,0.020,0.020,0.020,0.020,0.020,0.020,0.020,0.020,0.020,0.020,0.020,0.020,0.020,0.020,0.020,0.020,0.020,0.020,0.020,0.020,0.020,0.020,0.020,0.020,0.020,0.020,0.020,0.020,0.020,0.020,0.020,0.020,0.020,0.020,0.020,0.020,0.020,0.020,0.020,0.020,0.020,0.020,0.020,0.020,0.020,0.020,0.020,0.020,0.020,0.020,0.020,0.020,0.020,0.020,0.020,0.020
0.021,0.021,0.021,0.021,0.021,0.021,0.021,0.021,0.021,0.021,0.021,0.021,0.021,0.021,0.021,0.021,0.021,0.021,0.021,0.021,0.021,0.021,0.021,0.021,0.021,0.021,0.021,0.021,0.021,0.021,0.021,0.021,0.021,0.021,0.021,0.021,0.021,0.021,0.021,0.021,0.021,0.021,0.021,0.021,0.021,0.021,0.021,0.021,0.021,0.021,0.021,0.021,0.021,0.021,0.021,0.021,0.021,0.021,0.021
0.023,0.023,0.023,0.023,0.023,0.023,0.023,0.023,0.023,0.023,0.023,0.023,0.023,0.023,0.023,0.023,0.023,0.023,0.023,0.023,0.023,0.023,0.023,0.023,0.023,0.023,0.023,0.023,0.023,0.023,0.023,0.023,0.023,0.023,0.023,0.023,0.023,0.023,0.023,0.023,0.023,0.023,0.023,0.023,0.023,0.023,0.023,0.023,0.023,0.023,0.023,0.023,0.023,0.023,0.023,0.023,0.023,0.023,0.023
0.025,0.025,0.025,0.025,0.025,0.025,0.025,0.025,0.025,0.025,0.025,0.025,0.025,0.025,0.025,0.025,0.025,0.025,0.025,0.025,0.025,0.025,0.025,0.025,0.025,0.025,0.025,0.025,0.025,0.025,0.025,0.025,0.025,0.025,0.025,0.025,0.025,0.025,0.025,0.025,0.025,0.025,0.025,0.025,0.025,0.025,0.025,0.025,0.025,0.025,0.025,0.025,0.025,0.025,0.025,0.025,0.025,0.025,0.025
0.072,0.072,0.072,0.072,0.072,0.072,0.072,0.072,0.072,0.072,0.072,0.072,0.072,0.072,0.072,0.072,0.072,0.072,0.072,0.072,0.072,0.072,0.072,0.072,0.072,0.072,0.072,0.072,0.072,0.072,0.072,0.072,0.072,0.072,0.072,0.072,0.072,0.072,0.072,0.072,0.072,0.072,0.072,0.072,0.072,0.072,0.072,0.072,0.072,0.072,0.072,0.072,0.072,0.072,0.072,0.072,0.072,0.072,0.072
0.190,0.190,0.190,0.190,0.190,0.190,0.190,0.190,0.190,0.190,0.190,0.190,0.190,0.190,0.190,0.190,0.190,0.190,0.190,0.190,0.190,0.190,0.190,0.190,0.190,0.190,0.190,0.190,0.190,0.190,0.190,0.190,0.190,0.190,0.190,0.190,0.190,0.190,0.190,0.190,0.190,0.190,0.190,0.190,0.190,0.190,0.190,0.190,0.190,0.190,0.190,0.190,0.190,0.190,0.190,0.190,0.190,0.190,0.190
0.284,0.284,0.284,0.284,0.284,0.284,0.284,0.284,0.284,0.284,0.284,0.284,0.284,0.284,0.284,0.284,0.284,0.284,0.284,0.284,0.284,0.284,0.284,0.284,0.284,0.284,0.284,0.284,0.284,0.284,0.284,0.284,0.284,0.284,0.284,0.284,0.284,0.284,0.284,0.284,0.284,0.284,0.284,0.284,0.284,0.284,0.284,0.284,0.284,0.284,0.284,0.284,0.284,0.284,0.284,0.284,0.284,0.284,0.284
0.025,0.025,0.025,0.025,0.025,0.025,0.025,0.025,0.025,0.025,0.025,0.025,0.025,0.025,0.025,0.025,0.025,0.025,0.025,0.025,0.025,0.025,0.025,0.025,0.025,0.025,0.025,0.025,0.025,0.025,0.025,0.025,0.025,0.025,0.025,0.025,0.025,0.025,0.025,0.025,0.025,0.025,0.025,0.025,0.025,0.025,0.025,0.025,0.025,0.025,0.025,0.025,0.025,0.025,0.025,0.025,0.025,0.025,0.025
0.022,0.022,0.022,0.022,0.022,0.022,0.022,0.022,0.022,0.022,0.022,0.022,0.022,0.022,0.022,0.022,0.022,0.022,0.022,0.022,0.022,0.022,0.022,0.022,0.022,0.022,0.022,0.022,0.022,0.022,0.022,0.022,0.022,0.022,0.022,0.022,0.022,0.022,0.022,0.022,0.022,0.022,0.022,0.022,0.022,0.022,0.022,0.022,0.022,0.022,0.022,0.022,0.022,0.022,0.022,0.022,0.022,0.022,0.022
0.047,0.047,0.047,0.047,0.047,0.047,0.047,0.047,0.047,0.047,0.047,0.047,0.047,0.047,0.047,0.047,0.047,0.047,0.047,0.047,0.047,0.047,0.047,0.047,0.047,0.047,0.047,0.047,0.047,0.047,0.047,0.047,0.047,0.047,0.047,0.047,0.047,0.047,0.047,0.047,0.047,0.047,0.047,0.047,0.047,0.047,0.047,0.047,0.047,0.047,0.047,0.047,0.047,0.047,0.047,0.047,0.047,0.047,0.047
0.022,0.022,0.022,0.022,0.022,0.022,0.022,0.022,0.022,0.022,0.022,0.022,0.022,0.022,0.022,0.022,0.022,0.022,0.022,0.022,0.022,0.022,0.022,0.022,0.022,0.022,0.022,0.022,0.022,0.022,0.022,0.022,0.022,0.022,0.022,0.022,0.022,0.022,0.022,0.022,0.022,0.022,0.022,0.022,0.022,0.022,0.022,0.022,0.022,0.022,0.022,0.022,0.022,0.022,0.022,0.022,0.022,0.022,0.022
0.027,0.027,0.027,0.027,0.027,0.027,0.027,0.027,0.027,0.027,0.027,0.027,0.027,0.027,0.027,0.027,0.027,0.027,0.027,0.027,0.027,0.027,0.027,0.027,0.027,0.027,0.027,0.027,0.027,0.027,0.027,0.027,0.027,0.027,0.027,0.027,0.027,0.027,0.027,0.027,0.027,0.027,0.027,0.027,0.027,0.027,0.027,0.027,0.027,0.027,0.027,0.027,0.027,0.027,0.027,0.027,0.027,0.027,0.027
0.107,0.107,0.107,0.107,0.107,0.107,0.107,0.107,0.107,0.107,0.107,0.107,0.107,0.107,0.107,0.107,0.107,0.107,0.107,0.107,0.107,0.107,0.107,0.107,0.107,0.107,0.107,0.107,0.107,0.107,0.107,0.107,0.107,0.107,0.107,0.107,0.107,0.107,0.107,0.107,0.107,0.107,0.107,0.107,0.107,0.107,0.107,0.107,0.107,0.107,0.107,0.107,0.107,0.107,0.107,0.107,0.107,0.107,0.107
0.022,0.022,0.022,0.022,0.022,0.022,0.022,0.022,0.022,0.022,0.022,0.022,0.022,0.022,0.022,0.022,0.022,0.022,0.022,0.022,0.022,0.022,0.022,0.022,0.022,0.022,0.022,0.022,0.022,0.022,0.022,0.022,0.022,0.022,0.022,0.022,0.022,0.022,0.022,0.022,0.022,0.022,0.022,0.022,0.022,0.022,0.022,0.022,0.022,0.022,0.022,0.022,0.022,0.022,0.022,0.022,0.022,0.022,0.022
0.087,0.087,0.087,0.087,0.087,0.087,0.087,0.087,0.087,0.087,0.087,0.087,0.087,0.087,0.087,0.087,0.087,0.087,0.087,0.087,0.087,0.087,0.087,0.087,0.087,0.087,0.087,0.087,0.087,0.087,0.087,0.087,0.087,0.087,0.087,0.087,0.087,0.087,0.087,0.087,0.087,0.087,0.087,0.087,0.087,0.087,0.087,0.087,0.087,0.087,0.087,0.087,0.087,0.087,0.087,0.087,0.087,0.087,0.087
0.152,0.152,0.152,0.152,0.152,0.152,0.152,0.152,0.152,0.152,0.152,0.152,0.152,0.152,0.152,0.152,0.152,0.152,0.152,0.152,0.152,0.152,0.152,0.152,0.152,0.152,0.152,0.152,0.152,0.152,0.152,0.152,0.152,0.152,0.152,0.152,0.152,0.152,0.152,0.152,0.152,0.152,0.152,0.152,0.152,0.152,0.152,0.152,0.152,0.152,0.152,0.152,0.152,0.152,0.152,0.152,0.152,0.152,0.152
0.023,0.023,0.023,0.023,0.023,0.023,0.023,0.023,0.023,0.023,0.023,0.023,0.023,0.023,0.023,0.023,0.023,0.023,0.023,0.023,0.023,0.023,0.023,0.023,0.023,0.023,0.023,0.023,0.023,0.023,0.023,0.023,0.023,0.023,0.023,0.023,0.023,0.023,0.023,0.023,0.023,0.023,0.023,0.023,0.023,0.023,0.023,0.023,0.023,0.023,0.023,0.023,0.023,0.023,0.023,0.023,0.023,0.023,0.023
