0.532,0.542,0.593,0.548,0.614,0.542,0.644,0.542,0.593,0.634,0.267,0.576,0.404,0.586,0.539,0.596,0.459,0.600,0.574,0.545,0.589,0.544,0.648,0.489,0.571,0.503,0.634,0.627,0.537,0.595,0.520,0.282,0.589,0.585,0.577,0.598,0.579,0.582,0.624,0.431,0.252,0.528,0.520,0.485,0.642,0.499,0.493,0.400,0.274,0.551,0.698,0.492,0.685,0.508,0.420,0.695,0.506,0.402,0.530
0.473,0.483,0.534,0.489,0.555,0.483,0.585,0.484,0.535,0.575,0.222,0.517,0.335,0.527,0.480,0.538,0.395,0.541,0.515,0.486,0.530,0.486,0.589,0.428,0.512,0.440,0.576,0.568,0.478,0.536,0.461,0.237,0.530,0.526,0.519,0.539,0.520,0.524,0.565,0.362,0.207,0.469,0.460,0.423,0.583,0.439,0.433,0.331,0.227,0.492,0.639,0.428,0.626,0.449,0.354,0.636,0.446,0.332,0.471
0.444,0.455,0.506,0.461,0.526,0.454,0.556,0.455,0.506,0.546,0.181,0.488,0.309,0.498,0.452,0.509,0.366,0.512,0.486,0.458,0.501,0.457,0.560,0.399,0.483,0.412,0.547,0.540,0.449,0.508,0.432,0.196,0.501,0.497,0.490,0.511,0.491,0.495,0.536,0.336,0.166,0.440,0.432,0.394,0.555,0.410,0.404,0.306,0.189,0.463,0.610,0.399,0.597,0.420,0.325,0.608,0.417,0.307,0.442
0.470,0.480,0.531,0.486,0.552,0.479,0.581,0.480,0.531,0.572,0.205,0.514,0.334,0.524,0.477,0.534,0.391,0.538,0.512,0.483,0.527,0.482,0.585,0.425,0.509,0.437,0.572,0.565,0.475,0.533,0.458,0.220,0.526,0.523,0.515,0.536,0.517,0.520,0.562,0.361,0.190,0.466,0.457,0.420,0.580,0.435,0.430,0.331,0.213,0.488,0.636,0.425,0.623,0.445,0.351,0.633,0.443,0.332,0.467
0.415,0.425,0.476,0.431,0.497,0.424,0.527,0.425,0.476,0.517,0.169,0.459,0.282,0.469,0.422,0.479,0.336,0.483,0.457,0.428,0.472,0.427,0.530,0.370,0.454,0.382,0.517,0.510,0.420,0.478,0.403,0.184,0.471,0.468,0.460,0.481,0.462,0.465,0.507,0.308,0.154,0.411,0.402,0.365,0.525,0.380,0.375,0.280,0.177,0.434,0.581,0.370,0.568,0.390,0.297,0.578,0.388,0.280,0.413
0.481,0.491,0.542,0.497,0.563,0.490,0.593,0.491,0.542,0.583,0.241,0.525,0.343,0.535,0.488,0.545,0.402,0.549,0.523,0.494,0.538,0.493,0.596,0.436,0.520,0.448,0.583,0.576,0.486,0.544,0.469,0.255,0.537,0.534,0.526,0.547,0.528,0.531,0.573,0.370,0.225,0.477,0.468,0.431,0.591,0.446,0.441,0.339,0.245,0.500,0.647,0.436,0.634,0.457,0.362,0.644,0.454,0.341,0.479
0.376,0.386,0.437,0.392,0.458,0.386,0.488,0.386,0.437,0.478,0.239,0.420,0.246,0.430,0.383,0.441,0.298,0.444,0.418,0.389,0.433,0.389,0.492,0.331,0.415,0.343,0.479,0.471,0.381,0.439,0.364,0.248,0.433,0.429,0.421,0.442,0.423,0.427,0.468,0.266,0.225,0.372,0.363,0.326,0.486,0.342,0.336,0.241,0.235,0.395,0.542,0.331,0.529,0.352,0.258,0.539,0.349,0.243,0.374
0.442,0.452,0.503,0.458,0.523,0.451,0.553,0.452,0.503,0.543,0.203,0.486,0.304,0.496,0.449,0.506,0.363,0.510,0.484,0.455,0.499,0.454,0.557,0.397,0.481,0.409,0.544,0.537,0.447,0.505,0.430,0.217,0.498,0.495,0.487,0.508,0.489,0.492,0.534,0.331,0.188,0.438,0.429,0.392,0.552,0.407,0.401,0.300,0.208,0.460,0.608,0.397,0.595,0.417,0.322,0.605,0.415,0.302,0.439
0.335,0.346,0.397,0.352,0.417,0.345,0.447,0.346,0.397,0.437,0.155,0.379,0.219,0.389,0.343,0.400,0.257,0.403,0.377,0.349,0.392,0.348,0.451,0.290,0.374,0.303,0.438,0.431,0.340,0.399,0.323,0.168,0.392,0.388,0.381,0.402,0.382,0.386,0.427,0.239,0.140,0.331,0.323,0.285,0.446,0.301,0.295,0.215,0.159,0.354,0.501,0.290,0.488,0.311,0.226,0.499,0.308,0.217,0.333
0.427,0.437,0.488,0.444,0.509,0.437,0.539,0.438,0.489,0.529,0.208,0.471,0.300,0.481,0.435,0.492,0.349,0.495,0.469,0.441,0.484,0.440,0.543,0.382,0.466,0.395,0.530,0.523,0.432,0.490,0.415,0.222,0.484,0.480,0.473,0.494,0.474,0.478,0.519,0.324,0.192,0.423,0.414,0.377,0.538,0.393,0.387,0.297,0.214,0.446,0.593,0.382,0.580,0.403,0.312,0.591,0.400,0.299,0.425
0.528,0.538,0.589,0.544,0.610,0.538,0.640,0.538,0.589,0.630,0.400,0.572,0.427,0.582,0.535,0.592,0.460,0.596,0.570,0.541,0.585,0.540,0.643,0.484,0.567,0.498,0.630,0.623,0.533,0.591,0.516,0.407,0.585,0.581,0.573,0.594,0.575,0.578,0.620,0.450,0.389,0.524,0.515,0.480,0.638,0.494,0.488,0.424,0.396,0.547,0.694,0.489,0.681,0.504,0.433,0.691,0.501,0.426,0.526
0.457,0.467,0.518,0.473,0.539,0.467,0.569,0.468,0.519,0.559,0.275,0.501,0.329,0.511,0.464,0.522,0.379,0.525,0.499,0.470,0.514,0.470,0.573,0.412,0.496,0.424,0.560,0.552,0.462,0.520,0.445,0.288,0.514,0.510,0.503,0.523,0.504,0.508,0.549,0.350,0.260,0.453,0.444,0.407,0.567,0.423,0.417,0.324,0.277,0.476,0.623,0.412,0.610,0.433,0.338,0.620,0.430,0.327,0.455
0.372,0.383,0.434,0.389,0.454,0.382,0.484,0.383,0.434,0.474,0.182,0.416,0.242,0.426,0.380,0.437,0.295,0.440,0.414,0.386,0.429,0.385,0.488,0.327,0.411,0.341,0.475,0.468,0.377,0.436,0.360,0.173,0.429,0.425,0.418,0.439,0.419,0.423,0.464,0.270,0.194,0.368,0.360,0.323,0.483,0.338,0.332,0.240,0.165,0.391,0.538,0.329,0.525,0.348,0.258,0.536,0.345,0.241,0.370
0.475,0.486,0.537,0.492,0.557,0.485,0.587,0.486,0.537,0.577,0.203,0.519,0.338,0.529,0.483,0.540,0.397,0.543,0.517,0.489,0.532,0.488,0.591,0.430,0.514,0.443,0.578,0.571,0.480,0.539,0.463,0.217,0.532,0.528,0.521,0.542,0.522,0.526,0.567,0.366,0.187,0.472,0.463,0.425,0.586,0.441,0.435,0.336,0.211,0.494,0.641,0.430,0.628,0.451,0.356,0.639,0.448,0.337,0.473
0.478,0.488,0.539,0.494,0.559,0.487,0.589,0.488,0.539,0.579,0.212,0.522,0.341,0.532,0.485,0.542,0.399,0.546,0.520,0.491,0.535,0.490,0.593,0.433,0.517,0.445,0.580,0.573,0.483,0.541,0.466,0.226,0.534,0.531,0.523,0.544,0.525,0.528,0.570,0.369,0.196,0.474,0.465,0.428,0.588,0.443,0.437,0.339,0.219,0.496,0.644,0.433,0.631,0.453,0.358,0.641,0.451,0.340,0.475
0.449,0.460,0.511,0.466,0.531,0.459,0.561,0.460,0.511,0.551,0.184,0.493,0.313,0.503,0.457,0.514,0.371,0.517,0.491,0.463,0.506,0.462,0.565,0.404,0.488,0.417,0.552,0.545,0.454,0.513,0.437,0.199,0.506,0.502,0.495,0.516,0.496,0.500,0.541,0.340,0.169,0.446,0.437,0.399,0.560,0.415,0.409,0.311,0.192,0.468,0.615,0.404,0.602,0.425,0.330,0.613,0.423,0.312,0.447
0.233,0.234,0.284,0.242,0.303,0.235,0.333,0.236,0.284,0.323,0.391,0.266,0.211,0.276,0.233,0.286,0.176,0.289,0.264,0.236,0.279,0.238,0.337,0.191,0.261,0.191,0.325,0.317,0.228,0.285,0.213,0.376,0.280,0.276,0.270,0.288,0.271,0.275,0.313,0.184,0.406,0.224,0.209,0.191,0.332,0.199,0.205,0.216,0.379,0.240,0.387,0.185,0.374,0.201,0.194,0.385,0.197,0.213,0.221
0.273,0.283,0.334,0.289,0.354,0.282,0.384,0.283,0.334,0.374,0.170,0.317,0.152,0.327,0.280,0.337,0.194,0.341,0.315,0.286,0.330,0.285,0.388,0.228,0.312,0.240,0.375,0.368,0.278,0.336,0.261,0.169,0.329,0.326,0.318,0.339,0.320,0.323,0.365,0.171,0.164,0.269,0.260,0.223,0.383,0.238,0.232,0.147,0.158,0.291,0.439,0.228,0.426,0.248,0.159,0.436,0.246,0.150,0.270
0.388,0.398,0.449,0.404,0.469,0.397,0.499,0.398,0.449,0.490,0.186,0.432,0.253,0.442,0.395,0.452,0.309,0.456,0.430,0.401,0.445,0.400,0.503,0.343,0.427,0.355,0.490,0.483,0.393,0.451,0.376,0.198,0.444,0.441,0.433,0.454,0.435,0.438,0.480,0.278,0.171,0.384,0.375,0.338,0.498,0.353,0.347,0.249,0.187,0.406,0.554,0.343,0.541,0.363,0.269,0.551,0.361,0.250,0.385
0.185,0.196,0.247,0.202,0.267,0.195,0.297,0.196,0.247,0.287,0.235,0.230,0.106,0.239,0.193,0.250,0.121,0.253,0.227,0.199,0.242,0.198,0.301,0.141,0.224,0.154,0.288,0.281,0.190,0.249,0.173,0.221,0.242,0.238,0.232,0.252,0.232,0.236,0.277,0.118,0.249,0.182,0.173,0.137,0.296,0.152,0.146,0.102,0.222,0.204,0.351,0.144,0.338,0.161,0.099,0.349,0.159,0.103,0.183
0.469,0.480,0.531,0.486,0.551,0.479,0.581,0.480,0.531,0.571,0.288,0.514,0.343,0.524,0.477,0.534,0.391,0.537,0.511,0.483,0.526,0.482,0.585,0.424,0.509,0.437,0.572,0.565,0.474,0.533,0.458,0.301,0.526,0.522,0.515,0.536,0.517,0.520,0.561,0.364,0.273,0.466,0.457,0.419,0.580,0.435,0.429,0.339,0.290,0.488,0.635,0.425,0.623,0.445,0.351,0.633,0.443,0.341,0.467
0.505,0.515,0.566,0.521,0.587,0.515,0.617,0.515,0.566,0.607,0.235,0.549,0.368,0.559,0.512,0.569,0.426,0.573,0.547,0.518,0.562,0.517,0.620,0.460,0.544,0.472,0.607,0.600,0.510,0.568,0.493,0.250,0.561,0.558,0.550,0.571,0.552,0.555,0.597,0.396,0.219,0.501,0.492,0.455,0.615,0.470,0.465,0.366,0.243,0.524,0.671,0.460,0.658,0.481,0.386,0.668,0.478,0.367,0.503
0.257,0.267,0.318,0.273,0.339,0.267,0.369,0.267,0.318,0.359,0.160,0.301,0.136,0.311,0.264,0.321,0.178,0.325,0.299,0.270,0.314,0.269,0.372,0.212,0.296,0.224,0.359,0.352,0.262,0.320,0.245,0.161,0.313,0.310,0.302,0.323,0.304,0.307,0.349,0.155,0.152,0.253,0.244,0.207,0.367,0.222,0.217,0.131,0.149,0.276,0.423,0.212,0.410,0.233,0.143,0.420,0.230,0.133,0.255
0.519,0.529,0.580,0.535,0.601,0.528,0.630,0.529,0.580,0.621,0.255,0.563,0.388,0.573,0.526,0.583,0.444,0.587,0.561,0.532,0.576,0.531,0.634,0.476,0.558,0.489,0.621,0.614,0.524,0.582,0.507,0.270,0.575,0.572,0.564,0.585,0.566,0.569,0.611,0.415,0.240,0.515,0.506,0.471,0.629,0.486,0.480,0.385,0.260,0.537,0.685,0.478,0.672,0.496,0.405,0.682,0.493,0.386,0.517
0.442,0.453,0.504,0.459,0.524,0.452,0.554,0.453,0.504,0.544,0.202,0.486,0.311,0.496,0.450,0.507,0.364,0.510,0.484,0.456,0.499,0.455,0.558,0.397,0.481,0.410,0.545,0.538,0.447,0.506,0.430,0.217,0.499,0.495,0.488,0.509,0.489,0.493,0.534,0.336,0.187,0.439,0.430,0.392,0.553,0.408,0.402,0.308,0.209,0.461,0.608,0.398,0.595,0.418,0.325,0.606,0.416,0.309,0.440
0.497,0.507,0.558,0.513,0.579,0.507,0.609,0.507,0.558,0.599,0.237,0.541,0.372,0.551,0.504,0.561,0.426,0.565,0.539,0.510,0.554,0.509,0.612,0.455,0.536,0.469,0.599,0.592,0.502,0.560,0.485,0.252,0.554,0.550,0.542,0.563,0.544,0.547,0.589,0.399,0.222,0.494,0.484,0.452,0.607,0.465,0.458,0.369,0.244,0.516,0.663,0.459,0.650,0.474,0.388,0.660,0.471,0.371,0.495
0.409,0.420,0.471,0.426,0.491,0.419,0.521,0.420,0.471,0.511,0.197,0.454,0.284,0.463,0.417,0.474,0.331,0.477,0.451,0.423,0.466,0.422,0.525,0.364,0.448,0.377,0.512,0.505,0.414,0.473,0.397,0.212,0.466,0.462,0.455,0.476,0.456,0.460,0.501,0.308,0.182,0.406,0.397,0.359,0.520,0.375,0.369,0.281,0.203,0.428,0.575,0.365,0.562,0.385,0.295,0.573,0.383,0.283,0.407
0.370,0.380,0.431,0.386,0.451,0.379,0.481,0.380,0.431,0.472,0.229,0.414,0.239,0.424,0.377,0.434,0.291,0.438,0.412,0.383,0.427,0.382,0.485,0.325,0.409,0.337,0.472,0.465,0.375,0.433,0.358,0.238,0.426,0.423,0.415,0.436,0.417,0.420,0.462,0.262,0.215,0.366,0.357,0.320,0.480,0.335,0.330,0.234,0.225,0.388,0.536,0.325,0.523,0.345,0.252,0.533,0.343,0.236,0.367
0.472,0.483,0.533,0.488,0.554,0.482,0.584,0.483,0.533,0.574,0.239,0.516,0.345,0.526,0.480,0.536,0.398,0.540,0.514,0.486,0.529,0.485,0.587,0.430,0.511,0.443,0.574,0.567,0.478,0.535,0.461,0.253,0.529,0.525,0.517,0.538,0.519,0.522,0.564,0.373,0.224,0.469,0.460,0.425,0.582,0.440,0.434,0.343,0.244,0.491,0.638,0.432,0.625,0.450,0.360,0.635,0.446,0.344,0.470
0.416,0.427,0.478,0.433,0.498,0.426,0.528,0.427,0.478,0.518,0.179,0.461,0.279,0.470,0.424,0.481,0.338,0.484,0.458,0.430,0.473,0.429,0.532,0.371,0.455,0.384,0.519,0.512,0.421,0.480,0.404,0.193,0.473,0.469,0.462,0.483,0.463,0.467,0.508,0.305,0.164,0.413,0.404,0.366,0.527,0.382,0.376,0.275,0.184,0.435,0.582,0.372,0.570,0.392,0.297,0.580,0.390,0.276,0.414
0.531,0.541,0.592,0.547,0.612,0.540,0.642,0.541,0.592,0.633,0.256,0.575,0.402,0.585,0.538,0.595,0.458,0.599,0.573,0.544,0.588,0.543,0.646,0.489,0.570,0.502,0.633,0.626,0.536,0.594,0.520,0.271,0.587,0.584,0.576,0.597,0.578,0.581,0.623,0.429,0.241,0.528,0.519,0.485,0.641,0.499,0.492,0.398,0.263,0.549,0.697,0.492,0.684,0.508,0.419,0.694,0.505,0.400,0.528
0.534,0.545,0.596,0.551,0.616,0.544,0.646,0.545,0.596,0.636,0.374,0.578,0.421,0.588,0.542,0.599,0.465,0.602,0.576,0.548,0.591,0.547,0.650,0.490,0.573,0.504,0.637,0.630,0.539,0.598,0.522,0.380,0.591,0.587,0.580,0.601,0.581,0.585,0.626,0.447,0.374,0.530,0.522,0.486,0.645,0.500,0.494,0.420,0.375,0.553,0.700,0.494,0.687,0.510,0.432,0.698,0.507,0.420,0.532
0.442,0.452,0.503,0.458,0.524,0.452,0.554,0.452,0.504,0.544,0.200,0.486,0.304,0.496,0.449,0.507,0.364,0.510,0.484,0.455,0.499,0.455,0.558,0.397,0.481,0.409,0.545,0.537,0.447,0.505,0.430,0.215,0.499,0.495,0.487,0.508,0.489,0.493,0.534,0.331,0.185,0.438,0.429,0.392,0.552,0.408,0.402,0.300,0.205,0.461,0.608,0.397,0.595,0.418,0.323,0.605,0.415,0.302,0.440
0.497,0.507,0.558,0.513,0.579,0.506,0.608,0.507,0.558,0.599,0.302,0.541,0.366,0.551,0.504,0.561,0.418,0.565,0.539,0.510,0.554,0.509,0.612,0.452,0.536,0.464,0.599,0.592,0.502,0.560,0.485,0.315,0.553,0.550,0.542,0.563,0.544,0.547,0.589,0.390,0.287,0.493,0.484,0.447,0.607,0.462,0.457,0.364,0.304,0.515,0.663,0.452,0.650,0.472,0.379,0.660,0.470,0.365,0.494
0.500,0.510,0.561,0.516,0.582,0.509,0.612,0.510,0.561,0.602,0.303,0.544,0.367,0.554,0.507,0.564,0.421,0.568,0.542,0.513,0.557,0.512,0.615,0.455,0.539,0.467,0.602,0.595,0.505,0.563,0.488,0.316,0.556,0.553,0.545,0.566,0.547,0.550,0.592,0.392,0.288,0.496,0.487,0.450,0.610,0.465,0.460,0.364,0.305,0.519,0.666,0.455,0.653,0.476,0.381,0.663,0.473,0.366,0.498
0.437,0.447,0.498,0.453,0.519,0.446,0.549,0.447,0.498,0.539,0.219,0.481,0.310,0.491,0.444,0.501,0.358,0.505,0.479,0.450,0.494,0.449,0.552,0.392,0.476,0.404,0.539,0.532,0.442,0.500,0.425,0.234,0.493,0.490,0.482,0.503,0.484,0.487,0.529,0.334,0.204,0.433,0.424,0.387,0.547,0.402,0.397,0.307,0.225,0.456,0.603,0.392,0.590,0.412,0.322,0.600,0.410,0.309,0.435
0.436,0.446,0.497,0.452,0.518,0.446,0.548,0.446,0.498,0.538,0.186,0.480,0.298,0.490,0.443,0.501,0.358,0.504,0.478,0.449,0.493,0.449,0.552,0.391,0.475,0.403,0.539,0.531,0.441,0.499,0.424,0.200,0.493,0.489,0.481,0.502,0.483,0.487,0.528,0.325,0.171,0.432,0.423,0.386,0.546,0.402,0.396,0.294,0.191,0.455,0.602,0.391,0.589,0.412,0.317,0.599,0.409,0.295,0.434
0.453,0.463,0.514,0.470,0.535,0.463,0.565,0.464,0.515,0.555,0.239,0.497,0.328,0.507,0.461,0.518,0.375,0.521,0.495,0.467,0.510,0.466,0.569,0.408,0.492,0.421,0.556,0.549,0.458,0.516,0.441,0.254,0.510,0.506,0.499,0.520,0.500,0.504,0.545,0.351,0.224,0.449,0.440,0.403,0.564,0.419,0.413,0.324,0.245,0.472,0.619,0.408,0.606,0.429,0.339,0.617,0.426,0.326,0.451
0.357,0.367,0.418,0.373,0.439,0.367,0.469,0.367,0.419,0.459,0.155,0.401,0.222,0.411,0.364,0.422,0.279,0.425,0.399,0.370,0.414,0.370,0.473,0.312,0.396,0.324,0.460,0.452,0.362,0.420,0.345,0.167,0.414,0.410,0.402,0.423,0.404,0.408,0.449,0.247,0.141,0.353,0.344,0.307,0.467,0.323,0.317,0.218,0.157,0.376,0.523,0.312,0.510,0.333,0.238,0.520,0.330,0.220,0.355
0.359,0.370,0.421,0.376,0.441,0.369,0.471,0.370,0.421,0.461,0.272,0.404,0.257,0.414,0.367,0.424,0.295,0.428,0.402,0.373,0.416,0.372,0.475,0.316,0.399,0.331,0.462,0.455,0.365,0.423,0.348,0.260,0.416,0.413,0.405,0.426,0.407,0.410,0.451,0.281,0.287,0.356,0.347,0.313,0.470,0.325,0.319,0.254,0.259,0.378,0.526,0.322,0.513,0.336,0.265,0.523,0.333,0.256,0.357
0.507,0.518,0.569,0.524,0.589,0.517,0.619,0.518,0.569,0.609,0.274,0.552,0.377,0.562,0.515,0.572,0.431,0.576,0.550,0.521,0.565,0.520,0.623,0.463,0.547,0.476,0.610,0.603,0.513,0.571,0.496,0.278,0.564,0.561,0.553,0.574,0.555,0.558,0.599,0.405,0.274,0.504,0.495,0.458,0.618,0.473,0.467,0.375,0.269,0.526,0.674,0.465,0.661,0.483,0.393,0.671,0.481,0.377,0.505
0.199,0.209,0.260,0.215,0.281,0.208,0.311,0.209,0.260,0.301,0.221,0.243,0.130,0.253,0.206,0.263,0.135,0.267,0.241,0.212,0.256,0.211,0.314,0.155,0.238,0.169,0.301,0.294,0.204,0.262,0.187,0.212,0.255,0.252,0.245,0.265,0.246,0.249,0.291,0.140,0.228,0.195,0.186,0.152,0.309,0.165,0.159,0.126,0.205,0.218,0.365,0.160,0.352,0.175,0.121,0.362,0.172,0.128,0.197
0.517,0.528,0.578,0.534,0.599,0.527,0.629,0.528,0.578,0.619,0.241,0.561,0.383,0.571,0.525,0.581,0.441,0.585,0.559,0.531,0.574,0.530,0.632,0.474,0.556,0.487,0.619,0.612,0.523,0.580,0.506,0.256,0.573,0.570,0.562,0.583,0.564,0.567,0.609,0.409,0.226,0.514,0.505,0.469,0.627,0.484,0.478,0.378,0.248,0.536,0.683,0.475,0.670,0.494,0.401,0.680,0.491,0.381,0.515
0.499,0.509,0.560,0.516,0.581,0.509,0.611,0.510,0.561,0.601,0.250,0.543,0.371,0.553,0.507,0.564,0.424,0.567,0.541,0.512,0.556,0.512,0.615,0.455,0.538,0.468,0.602,0.595,0.504,0.562,0.487,0.264,0.556,0.552,0.545,0.566,0.546,0.550,0.591,0.399,0.234,0.495,0.486,0.450,0.610,0.465,0.459,0.369,0.255,0.518,0.665,0.457,0.652,0.475,0.386,0.663,0.472,0.370,0.497
0.319,0.330,0.381,0.336,0.401,0.329,0.431,0.330,0.381,0.421,0.140,0.364,0.204,0.374,0.327,0.384,0.241,0.388,0.362,0.333,0.377,0.332,0.435,0.275,0.359,0.287,0.422,0.415,0.325,0.383,0.308,0.153,0.376,0.373,0.365,0.386,0.367,0.370,0.411,0.223,0.125,0.316,0.307,0.269,0.430,0.285,0.279,0.199,0.144,0.338,0.486,0.275,0.473,0.295,0.210,0.483,0.293,0.202,0.317
0.511,0.522,0.572,0.527,0.592,0.521,0.622,0.522,0.572,0.612,0.232,0.555,0.379,0.565,0.519,0.575,0.436,0.578,0.552,0.525,0.567,0.524,0.626,0.469,0.550,0.482,0.613,0.606,0.517,0.574,0.500,0.246,0.567,0.563,0.556,0.577,0.558,0.561,0.602,0.405,0.216,0.508,0.499,0.464,0.621,0.479,0.473,0.374,0.237,0.530,0.676,0.470,0.664,0.488,0.396,0.674,0.485,0.376,0.509
0.213,0.223,0.273,0.228,0.293,0.222,0.323,0.223,0.273,0.313,0.261,0.256,0.103,0.266,0.220,0.276,0.141,0.279,0.254,0.226,0.268,0.225,0.327,0.171,0.251,0.184,0.314,0.307,0.218,0.275,0.201,0.248,0.268,0.264,0.257,0.278,0.259,0.262,0.303,0.114,0.275,0.209,0.200,0.168,0.322,0.181,0.177,0.100,0.244,0.231,0.377,0.173,0.365,0.190,0.119,0.375,0.187,0.107,0.210
0.365,0.375,0.426,0.382,0.447,0.375,0.477,0.376,0.426,0.467,0.335,0.409,0.262,0.419,0.372,0.429,0.294,0.433,0.407,0.378,0.422,0.378,0.480,0.320,0.404,0.333,0.467,0.460,0.370,0.428,0.353,0.320,0.422,0.418,0.412,0.431,0.412,0.415,0.457,0.282,0.350,0.361,0.352,0.316,0.475,0.330,0.325,0.260,0.323,0.384,0.531,0.324,0.518,0.341,0.265,0.528,0.338,0.261,0.363
0.538,0.549,0.600,0.555,0.620,0.548,0.650,0.549,0.600,0.640,0.409,0.583,0.431,0.592,0.546,0.603,0.472,0.606,0.580,0.552,0.595,0.551,0.654,0.496,0.577,0.510,0.641,0.634,0.544,0.602,0.526,0.414,0.595,0.591,0.584,0.605,0.585,0.589,0.630,0.456,0.401,0.535,0.526,0.493,0.649,0.506,0.499,0.429,0.403,0.557,0.704,0.501,0.691,0.515,0.440,0.702,0.512,0.431,0.536
0.504,0.515,0.565,0.521,0.586,0.514,0.616,0.515,0.565,0.606,0.237,0.548,0.371,0.558,0.512,0.568,0.428,0.572,0.546,0.518,0.561,0.517,0.619,0.461,0.543,0.474,0.606,0.599,0.510,0.567,0.493,0.252,0.561,0.557,0.549,0.570,0.551,0.554,0.596,0.397,0.222,0.501,0.492,0.456,0.614,0.471,0.465,0.366,0.243,0.523,0.670,0.462,0.657,0.481,0.388,0.667,0.478,0.368,0.502
0.081,0.075,0.121,0.083,0.140,0.079,0.169,0.080,0.122,0.160,0.306,0.106,0.126,0.114,0.076,0.124,0.068,0.126,0.103,0.077,0.119,0.080,0.174,0.056,0.102,0.041,0.163,0.155,0.069,0.125,0.061,0.292,0.119,0.116,0.109,0.126,0.110,0.115,0.150,0.099,0.322,0.070,0.055,0.057,0.170,0.058,0.073,0.131,0.295,0.080,0.223,0.046,0.210,0.049,0.108,0.221,0.056,0.129,0.064
0.415,0.426,0.476,0.431,0.496,0.425,0.526,0.426,0.476,0.516,0.217,0.459,0.284,0.469,0.423,0.479,0.340,0.482,0.457,0.429,0.471,0.428,0.530,0.373,0.454,0.386,0.517,0.510,0.421,0.478,0.404,0.226,0.471,0.467,0.460,0.481,0.462,0.465,0.506,0.311,0.203,0.413,0.404,0.368,0.525,0.383,0.377,0.281,0.214,0.434,0.581,0.375,0.568,0.393,0.301,0.578,0.390,0.283,0.413
0.085,0.079,0.118,0.085,0.136,0.083,0.163,0.084,0.120,0.155,0.314,0.104,0.134,0.112,0.081,0.120,0.074,0.124,0.102,0.078,0.117,0.083,0.168,0.057,0.102,0.042,0.159,0.151,0.071,0.122,0.064,0.299,0.117,0.114,0.108,0.122,0.109,0.114,0.144,0.107,0.330,0.072,0.057,0.057,0.165,0.057,0.073,0.139,0.303,0.080,0.216,0.047,0.203,0.048,0.114,0.213,0.056,0.137,0.068
0.454,0.464,0.515,0.470,0.536,0.464,0.566,0.464,0.515,0.556,0.234,0.498,0.333,0.508,0.461,0.518,0.384,0.522,0.496,0.467,0.511,0.467,0.570,0.412,0.493,0.426,0.557,0.549,0.459,0.517,0.442,0.248,0.511,0.507,0.499,0.520,0.501,0.505,0.546,0.361,0.219,0.450,0.441,0.408,0.564,0.420,0.414,0.331,0.238,0.473,0.620,0.416,0.607,0.431,0.348,0.617,0.427,0.332,0.452
0.201,0.211,0.262,0.218,0.283,0.211,0.313,0.212,0.262,0.303,0.332,0.245,0.171,0.255,0.208,0.265,0.147,0.269,0.243,0.214,0.258,0.214,0.317,0.156,0.240,0.169,0.304,0.296,0.206,0.264,0.189,0.317,0.258,0.254,0.248,0.267,0.248,0.252,0.293,0.162,0.348,0.197,0.188,0.152,0.311,0.166,0.161,0.172,0.321,0.220,0.367,0.161,0.354,0.177,0.148,0.364,0.174,0.168,0.199
0.088,0.082,0.122,0.088,0.140,0.087,0.167,0.088,0.123,0.159,0.311,0.107,0.130,0.115,0.084,0.123,0.071,0.127,0.105,0.081,0.120,0.087,0.171,0.059,0.105,0.044,0.162,0.154,0.075,0.125,0.068,0.296,0.121,0.117,0.111,0.125,0.112,0.118,0.147,0.103,0.326,0.075,0.061,0.058,0.169,0.060,0.076,0.136,0.299,0.083,0.219,0.049,0.206,0.051,0.111,0.216,0.059,0.133,0.071
0.165,0.174,0.225,0.182,0.246,0.175,0.276,0.175,0.226,0.266,0.329,0.208,0.155,0.218,0.172,0.228,0.110,0.232,0.206,0.177,0.221,0.178,0.279,0.119,0.203,0.132,0.267,0.259,0.169,0.227,0.152,0.314,0.221,0.217,0.212,0.230,0.212,0.215,0.256,0.138,0.345,0.162,0.151,0.118,0.274,0.131,0.127,0.159,0.318,0.183,0.330,0.122,0.317,0.140,0.132,0.327,0.137,0.153,0.162
0.370,0.380,0.431,0.387,0.452,0.380,0.482,0.381,0.432,0.472,0.253,0.414,0.252,0.424,0.377,0.435,0.299,0.438,0.412,0.383,0.427,0.383,0.486,0.326,0.409,0.339,0.473,0.465,0.375,0.433,0.358,0.238,0.427,0.423,0.417,0.436,0.417,0.421,0.462,0.279,0.268,0.366,0.357,0.321,0.481,0.336,0.331,0.251,0.241,0.389,0.536,0.328,0.523,0.346,0.263,0.534,0.344,0.251,0.368
0.567,0.577,0.628,0.583,0.648,0.576,0.678,0.577,0.628,0.668,0.280,0.610,0.432,0.620,0.574,0.631,0.490,0.634,0.608,0.580,0.623,0.579,0.682,0.523,0.605,0.536,0.669,0.662,0.572,0.630,0.555,0.295,0.623,0.619,0.612,0.633,0.613,0.617,0.658,0.459,0.265,0.563,0.554,0.518,0.677,0.533,0.528,0.428,0.287,0.586,0.732,0.524,0.719,0.543,0.450,0.730,0.541,0.430,0.565
