0.023,0.027,0.046,0.009,0.047,0.075,0.020,0.014,0.046,0.046,0.007,0.017,0.018,0.052,0.032,0.173,0.127,0.077,0.020,0.064,0.006,0.324,0.175,0.056,0.041,0.046,0.215,0.059,0.046,0.045,0.069,0.029,0.032,0.016,0.018,0.031,0.046,0.038,0.060,0.087,0.098,0.026,0.173,0.032,0.007,0.031,0.011,0.324,0.077,0.045,0.005,0.060,0.031,0.030,0.048,0.045,0.094,0.069,0.048,0.324,0.046,0.046,0.064,0.324,0.049,0.265,0.020,0.048,0.056,0.056,0.086,0.053,0.317,0.249,0.307,0.316,0.105,0.324,0.286,0.324,0.292
0.028,0.022,0.043,0.014,0.045,0.070,0.015,0.019,0.044,0.044,0.011,0.014,0.023,0.047,0.037,0.169,0.123,0.072,0.026,0.059,0.008,0.319,0.170,0.051,0.036,0.044,0.210,0.057,0.044,0.040,0.064,0.034,0.037,0.021,0.023,0.036,0.044,0.033,0.058,0.082,0.093,0.024,0.169,0.037,0.007,0.036,0.006,0.319,0.072,0.043,0.008,0.057,0.036,0.035,0.045,0.043,0.088,0.065,0.045,0.319,0.044,0.044,0.059,0.319,0.046,0.260,0.026,0.046,0.052,0.053,0.082,0.050,0.312,0.244,0.302,0.311,0.099,0.319,0.281,0.319,0.287
0.070,0.053,0.012,0.058,0.020,0.028,0.043,0.060,0.030,0.030,0.056,0.053,0.065,0.056,0.079,0.148,0.108,0.030,0.063,0.061,0.056,0.277,0.162,0.058,0.057,0.030,0.171,0.015,0.030,0.053,0.024,0.076,0.079,0.058,0.065,0.078,0.030,0.055,0.016,0.072,0.051,0.055,0.148,0.079,0.054,0.078,0.051,0.277,0.081,0.018,0.055,0.015,0.078,0.077,0.024,0.017,0.055,0.024,0.019,0.277,0.030,0.029,0.016,0.277,0.015,0.218,0.063,0.014,0.012,0.011,0.039,0.008,0.269,0.202,0.260,0.268,0.064,0.277,0.239,0.277,0.245
0.020,0.030,0.049,0.009,0.051,0.078,0.023,0.014,0.050,0.050,0.009,0.020,0.015,0.055,0.029,0.176,0.130,0.080,0.021,0.067,0.007,0.327,0.178,0.059,0.044,0.050,0.218,0.062,0.050,0.048,0.072,0.026,0.029,0.017,0.017,0.028,0.050,0.041,0.063,0.090,0.101,0.029,0.176,0.029,0.009,0.028,0.014,0.327,0.080,0.049,0.008,0.064,0.028,0.027,0.052,0.049,0.099,0.072,0.051,0.327,0.050,0.051,0.067,0.327,0.052,0.268,0.021,0.051,0.059,0.059,0.090,0.056,0.320,0.252,0.310,0.319,0.109,0.327,0.289,0.327,0.295
0.083,0.051,0.022,0.068,0.032,0.017,0.043,0.072,0.042,0.042,0.064,0.053,0.077,0.050,0.092,0.133,0.094,0.019,0.076,0.054,0.060,0.264,0.149,0.051,0.052,0.042,0.160,0.006,0.042,0.048,0.014,0.088,0.092,0.070,0.077,0.091,0.042,0.050,0.006,0.062,0.039,0.052,0.133,0.092,0.058,0.091,0.053,0.264,0.073,0.030,0.060,0.010,0.091,0.089,0.036,0.029,0.062,0.013,0.031,0.264,0.042,0.041,0.021,0.264,0.027,0.205,0.076,0.026,0.019,0.010,0.028,0.016,0.257,0.189,0.247,0.256,0.071,0.264,0.226,0.264,0.232
0.112,0.063,0.052,0.097,0.062,0.020,0.069,0.101,0.072,0.072,0.093,0.072,0.106,0.049,0.121,0.108,0.068,0.022,0.105,0.047,0.088,0.235,0.124,0.048,0.055,0.072,0.131,0.034,0.072,0.050,0.027,0.117,0.121,0.100,0.107,0.120,0.072,0.055,0.033,0.043,0.019,0.065,0.108,0.121,0.086,0.120,0.080,0.235,0.058,0.060,0.089,0.036,0.120,0.118,0.066,0.059,0.065,0.027,0.061,0.235,0.072,0.071,0.042,0.235,0.057,0.176,0.105,0.056,0.050,0.040,0.018,0.046,0.228,0.160,0.218,0.227,0.074,0.235,0.197,0.235,0.203
0.047,0.011,0.049,0.033,0.055,0.062,0.018,0.037,0.055,0.055,0.029,0.011,0.042,0.028,0.056,0.149,0.103,0.064,0.042,0.040,0.024,0.300,0.151,0.031,0.017,0.055,0.192,0.058,0.055,0.021,0.058,0.053,0.056,0.037,0.042,0.055,0.055,0.015,0.058,0.062,0.078,0.010,0.149,0.056,0.022,0.055,0.018,0.300,0.053,0.051,0.025,0.057,0.055,0.054,0.055,0.051,0.087,0.061,0.055,0.300,0.055,0.056,0.059,0.300,0.054,0.241,0.042,0.053,0.057,0.056,0.070,0.055,0.293,0.225,0.283,0.291,0.097,0.300,0.262,0.300,0.268
0.023,0.028,0.044,0.010,0.045,0.076,0.021,0.015,0.043,0.043,0.007,0.018,0.018,0.053,0.031,0.175,0.129,0.078,0.022,0.065,0.007,0.325,0.176,0.057,0.042,0.043,0.217,0.060,0.043,0.046,0.070,0.029,0.031,0.017,0.019,0.031,0.043,0.039,0.061,0.088,0.100,0.028,0.175,0.031,0.007,0.031,0.011,0.325,0.078,0.043,0.006,0.060,0.031,0.030,0.045,0.043,0.091,0.071,0.045,0.325,0.043,0.044,0.061,0.325,0.047,0.266,0.022,0.046,0.053,0.054,0.088,0.051,0.318,0.250,0.309,0.317,0.102,0.325,0.287,0.325,0.293
0.073,0.036,0.026,0.058,0.035,0.025,0.032,0.063,0.042,0.042,0.054,0.038,0.068,0.035,0.082,0.125,0.083,0.029,0.067,0.039,0.050,0.274,0.137,0.036,0.036,0.042,0.168,0.023,0.042,0.033,0.026,0.079,0.082,0.062,0.068,0.081,0.042,0.035,0.022,0.051,0.048,0.037,0.125,0.082,0.047,0.081,0.042,0.274,0.059,0.033,0.051,0.025,0.081,0.080,0.040,0.032,0.077,0.023,0.035,0.274,0.042,0.041,0.035,0.274,0.032,0.215,0.067,0.031,0.033,0.024,0.037,0.027,0.267,0.199,0.257,0.266,0.086,0.274,0.236,0.274,0.242
0.042,0.046,0.022,0.037,0.018,0.058,0.036,0.035,0.019,0.019,0.037,0.042,0.039,0.059,0.049,0.161,0.121,0.060,0.036,0.066,0.039,0.307,0.173,0.061,0.055,0.019,0.200,0.042,0.019,0.053,0.052,0.045,0.049,0.034,0.038,0.048,0.019,0.052,0.043,0.081,0.081,0.046,0.161,0.049,0.038,0.048,0.040,0.307,0.088,0.018,0.038,0.042,0.048,0.046,0.023,0.018,0.074,0.053,0.018,0.307,0.019,0.021,0.042,0.307,0.019,0.248,0.036,0.019,0.030,0.035,0.070,0.028,0.300,0.232,0.290,0.299,0.085,0.307,0.269,0.307,0.275
0.044,0.016,0.056,0.033,0.061,0.065,0.025,0.038,0.062,0.062,0.030,0.017,0.039,0.034,0.052,0.155,0.109,0.068,0.045,0.045,0.025,0.306,0.157,0.037,0.023,0.062,0.197,0.063,0.062,0.027,0.062,0.050,0.052,0.040,0.041,0.052,0.062,0.022,0.063,0.068,0.080,0.017,0.155,0.052,0.025,0.052,0.022,0.306,0.058,0.057,0.027,0.062,0.052,0.051,0.061,0.057,0.090,0.066,0.061,0.306,0.062,0.062,0.063,0.306,0.061,0.247,0.045,0.059,0.062,0.062,0.072,0.061,0.298,0.231,0.289,0.297,0.100,0.306,0.267,0.306,0.274
0.042,0.011,0.052,0.029,0.057,0.063,0.020,0.034,0.058,0.058,0.027,0.012,0.037,0.034,0.051,0.155,0.109,0.066,0.042,0.046,0.021,0.306,0.157,0.038,0.023,0.058,0.197,0.060,0.058,0.027,0.060,0.048,0.051,0.037,0.038,0.050,0.058,0.020,0.061,0.069,0.081,0.011,0.155,0.051,0.021,0.050,0.019,0.306,0.059,0.054,0.022,0.060,0.050,0.049,0.057,0.053,0.091,0.063,0.057,0.306,0.058,0.058,0.062,0.306,0.057,0.247,0.042,0.056,0.059,0.059,0.072,0.058,0.299,0.231,0.289,0.298,0.101,0.306,0.268,0.306,0.274
0.041,0.009,0.046,0.026,0.051,0.061,0.014,0.030,0.052,0.052,0.022,0.005,0.035,0.034,0.050,0.156,0.110,0.065,0.036,0.046,0.017,0.306,0.157,0.038,0.023,0.052,0.198,0.056,0.052,0.027,0.058,0.046,0.050,0.031,0.035,0.049,0.052,0.020,0.056,0.069,0.081,0.009,0.156,0.050,0.015,0.049,0.014,0.306,0.059,0.048,0.018,0.056,0.049,0.047,0.052,0.048,0.090,0.060,0.051,0.306,0.052,0.052,0.059,0.306,0.051,0.247,0.036,0.050,0.055,0.054,0.072,0.053,0.299,0.231,0.289,0.298,0.100,0.306,0.268,0.306,0.274
0.021,0.031,0.048,0.010,0.049,0.079,0.025,0.015,0.046,0.046,0.007,0.022,0.015,0.057,0.029,0.178,0.132,0.082,0.021,0.068,0.008,0.329,0.180,0.060,0.046,0.046,0.220,0.064,0.046,0.050,0.074,0.026,0.029,0.016,0.017,0.028,0.046,0.043,0.065,0.092,0.103,0.032,0.178,0.029,0.009,0.028,0.014,0.329,0.081,0.046,0.008,0.064,0.028,0.028,0.048,0.047,0.093,0.074,0.049,0.329,0.046,0.047,0.065,0.329,0.050,0.270,0.021,0.050,0.057,0.059,0.091,0.055,0.322,0.254,0.312,0.321,0.104,0.329,0.291,0.329,0.297
0.005,0.048,0.059,0.014,0.050,0.095,0.040,0.010,0.045,0.045,0.018,0.038,0.008,0.073,0.012,0.194,0.148,0.097,0.008,0.084,0.023,0.344,0.196,0.076,0.062,0.045,0.236,0.079,0.045,0.065,0.089,0.009,0.012,0.011,0.006,0.011,0.045,0.058,0.080,0.107,0.119,0.046,0.194,0.012,0.024,0.011,0.030,0.344,0.098,0.051,0.022,0.079,0.011,0.010,0.051,0.051,0.103,0.090,0.051,0.344,0.045,0.047,0.079,0.344,0.054,0.286,0.008,0.055,0.067,0.072,0.107,0.065,0.337,0.269,0.328,0.336,0.114,0.344,0.306,0.344,0.312
0.212,0.162,0.161,0.197,0.170,0.138,0.169,0.201,0.177,0.177,0.193,0.172,0.206,0.137,0.220,0.016,0.062,0.141,0.204,0.125,0.188,0.138,0.023,0.133,0.148,0.177,0.118,0.149,0.177,0.144,0.142,0.217,0.220,0.199,0.206,0.220,0.177,0.151,0.149,0.102,0.133,0.163,0.016,0.220,0.186,0.219,0.180,0.138,0.112,0.165,0.189,0.150,0.219,0.218,0.173,0.165,0.159,0.145,0.168,0.138,0.177,0.176,0.155,0.138,0.166,0.080,0.204,0.164,0.163,0.154,0.137,0.158,0.142,0.099,0.129,0.130,0.155,0.138,0.100,0.138,0.110
0.162,0.113,0.119,0.147,0.127,0.098,0.120,0.151,0.134,0.134,0.143,0.123,0.156,0.087,0.171,0.035,0.012,0.100,0.155,0.076,0.138,0.185,0.045,0.084,0.098,0.134,0.099,0.109,0.134,0.094,0.100,0.167,0.171,0.150,0.157,0.170,0.134,0.101,0.108,0.056,0.093,0.114,0.035,0.171,0.136,0.170,0.130,0.185,0.063,0.123,0.139,0.109,0.170,0.168,0.130,0.122,0.116,0.105,0.126,0.185,0.134,0.134,0.114,0.185,0.123,0.126,0.155,0.121,0.121,0.112,0.097,0.116,0.179,0.111,0.169,0.177,0.113,0.185,0.147,0.185,0.153
0.146,0.097,0.085,0.131,0.095,0.049,0.104,0.136,0.106,0.106,0.127,0.107,0.141,0.074,0.155,0.112,0.075,0.047,0.139,0.069,0.123,0.201,0.130,0.072,0.083,0.106,0.099,0.065,0.106,0.079,0.055,0.152,0.155,0.134,0.141,0.154,0.106,0.086,0.064,0.060,0.029,0.098,0.112,0.155,0.120,0.154,0.114,0.201,0.075,0.093,0.124,0.065,0.154,0.153,0.098,0.092,0.076,0.054,0.094,0.201,0.106,0.104,0.068,0.201,0.090,0.150,0.139,0.089,0.078,0.072,0.038,0.078,0.194,0.126,0.184,0.193,0.081,0.201,0.163,0.201,0.169
0.018,0.034,0.044,0.008,0.043,0.080,0.025,0.007,0.040,0.040,0.009,0.024,0.012,0.058,0.026,0.179,0.133,0.083,0.012,0.069,0.014,0.330,0.181,0.061,0.047,0.040,0.220,0.064,0.040,0.051,0.075,0.023,0.026,0.008,0.012,0.025,0.040,0.044,0.065,0.093,0.104,0.032,0.179,0.026,0.014,0.025,0.018,0.330,0.084,0.041,0.011,0.064,0.025,0.024,0.043,0.041,0.092,0.075,0.043,0.330,0.040,0.041,0.064,0.330,0.045,0.271,0.012,0.044,0.054,0.057,0.092,0.051,0.323,0.255,0.313,0.322,0.103,0.330,0.292,0.330,0.298
0.189,0.140,0.139,0.174,0.148,0.117,0.146,0.178,0.156,0.156,0.170,0.150,0.184,0.114,0.198,0.015,0.039,0.120,0.182,0.103,0.165,0.159,0.033,0.111,0.125,0.156,0.098,0.128,0.156,0.121,0.120,0.195,0.198,0.177,0.184,0.197,0.156,0.128,0.127,0.080,0.112,0.141,0.015,0.198,0.163,0.197,0.157,0.159,0.090,0.144,0.166,0.129,0.197,0.196,0.152,0.143,0.137,0.124,0.147,0.159,0.156,0.155,0.134,0.159,0.144,0.100,0.182,0.142,0.141,0.132,0.116,0.136,0.155,0.091,0.144,0.151,0.134,0.159,0.121,0.159,0.128
0.037,0.014,0.049,0.025,0.054,0.063,0.017,0.031,0.055,0.055,0.023,0.009,0.032,0.039,0.045,0.161,0.115,0.068,0.038,0.051,0.018,0.311,0.162,0.043,0.028,0.055,0.202,0.059,0.055,0.032,0.062,0.043,0.045,0.033,0.034,0.044,0.055,0.025,0.059,0.074,0.085,0.014,0.161,0.045,0.018,0.044,0.015,0.311,0.064,0.051,0.020,0.059,0.044,0.044,0.055,0.051,0.095,0.062,0.054,0.311,0.055,0.055,0.063,0.311,0.054,0.252,0.038,0.053,0.058,0.057,0.075,0.056,0.304,0.236,0.294,0.303,0.105,0.311,0.273,0.311,0.279
0.344,0.295,0.283,0.329,0.293,0.247,0.301,0.333,0.303,0.303,0.325,0.305,0.338,0.269,0.353,0.148,0.194,0.245,0.337,0.257,0.320,0.010,0.146,0.266,0.280,0.303,0.122,0.263,0.303,0.276,0.253,0.350,0.353,0.332,0.339,0.352,0.303,0.283,0.262,0.234,0.227,0.296,0.148,0.353,0.318,0.352,0.312,0.010,0.245,0.291,0.321,0.263,0.352,0.350,0.296,0.290,0.257,0.252,0.292,0.010,0.303,0.302,0.266,0.010,0.288,0.060,0.337,0.287,0.277,0.270,0.237,0.276,0.070,0.072,0.051,0.014,0.249,0.010,0.045,0.010,0.038
0.206,0.157,0.164,0.191,0.172,0.146,0.163,0.195,0.178,0.178,0.187,0.166,0.200,0.131,0.215,0.025,0.064,0.149,0.199,0.119,0.182,0.145,0.010,0.128,0.142,0.178,0.137,0.156,0.178,0.138,0.147,0.211,0.215,0.194,0.201,0.214,0.178,0.145,0.155,0.098,0.142,0.157,0.025,0.215,0.180,0.214,0.174,0.145,0.107,0.168,0.183,0.156,0.214,0.212,0.174,0.167,0.162,0.153,0.171,0.145,0.178,0.178,0.160,0.145,0.169,0.089,0.199,0.167,0.167,0.159,0.146,0.163,0.165,0.121,0.148,0.138,0.159,0.145,0.109,0.145,0.123
0.176,0.127,0.130,0.161,0.138,0.112,0.133,0.165,0.145,0.145,0.157,0.136,0.170,0.101,0.185,0.021,0.030,0.114,0.169,0.089,0.152,0.172,0.030,0.098,0.112,0.145,0.111,0.122,0.145,0.108,0.113,0.181,0.185,0.164,0.171,0.184,0.145,0.115,0.121,0.068,0.108,0.127,0.021,0.185,0.150,0.184,0.144,0.172,0.076,0.134,0.153,0.122,0.184,0.182,0.141,0.133,0.128,0.119,0.137,0.172,0.145,0.144,0.126,0.172,0.135,0.113,0.169,0.133,0.133,0.125,0.112,0.128,0.166,0.103,0.156,0.163,0.125,0.172,0.134,0.172,0.140
0.028,0.022,0.045,0.015,0.049,0.069,0.016,0.020,0.048,0.048,0.013,0.013,0.023,0.047,0.037,0.168,0.122,0.071,0.024,0.058,0.010,0.319,0.170,0.050,0.036,0.048,0.210,0.057,0.048,0.039,0.064,0.034,0.037,0.020,0.023,0.036,0.048,0.032,0.058,0.081,0.093,0.020,0.168,0.037,0.009,0.036,0.009,0.319,0.072,0.046,0.011,0.056,0.036,0.035,0.049,0.046,0.089,0.065,0.049,0.319,0.048,0.049,0.059,0.319,0.050,0.260,0.024,0.048,0.054,0.054,0.081,0.052,0.311,0.244,0.302,0.310,0.099,0.319,0.280,0.319,0.286
0.050,0.044,0.017,0.041,0.021,0.048,0.034,0.040,0.025,0.025,0.040,0.042,0.045,0.054,0.058,0.151,0.111,0.050,0.043,0.060,0.041,0.298,0.164,0.055,0.051,0.025,0.188,0.032,0.025,0.049,0.042,0.055,0.058,0.040,0.045,0.058,0.025,0.048,0.033,0.074,0.072,0.045,0.151,0.058,0.040,0.057,0.040,0.298,0.083,0.020,0.040,0.032,0.057,0.056,0.027,0.020,0.075,0.043,0.020,0.298,0.025,0.026,0.034,0.298,0.019,0.239,0.043,0.019,0.027,0.025,0.060,0.019,0.290,0.223,0.281,0.289,0.086,0.298,0.259,0.298,0.265
0.274,0.224,0.213,0.259,0.223,0.177,0.231,0.263,0.234,0.234,0.255,0.234,0.268,0.199,0.283,0.123,0.128,0.175,0.266,0.187,0.250,0.081,0.143,0.196,0.210,0.234,0.042,0.193,0.234,0.206,0.183,0.279,0.283,0.261,0.268,0.282,0.234,0.213,0.192,0.165,0.155,0.225,0.123,0.283,0.248,0.282,0.242,0.081,0.175,0.221,0.251,0.193,0.282,0.280,0.226,0.220,0.182,0.182,0.222,0.081,0.234,0.231,0.193,0.081,0.218,0.084,0.266,0.217,0.204,0.200,0.165,0.206,0.067,0.028,0.057,0.073,0.176,0.081,0.075,0.081,0.066
0.090,0.047,0.030,0.075,0.039,0.012,0.047,0.079,0.049,0.049,0.071,0.051,0.084,0.040,0.099,0.119,0.080,0.017,0.083,0.041,0.066,0.257,0.135,0.040,0.043,0.049,0.153,0.017,0.049,0.039,0.016,0.095,0.099,0.078,0.085,0.098,0.049,0.043,0.017,0.048,0.032,0.048,0.119,0.099,0.064,0.098,0.058,0.257,0.060,0.037,0.067,0.019,0.098,0.096,0.043,0.036,0.067,0.015,0.038,0.257,0.049,0.048,0.027,0.257,0.034,0.198,0.083,0.033,0.030,0.021,0.023,0.026,0.250,0.182,0.240,0.249,0.077,0.257,0.219,0.257,0.225
0.103,0.074,0.042,0.088,0.052,0.028,0.068,0.093,0.063,0.063,0.085,0.077,0.098,0.071,0.112,0.146,0.107,0.025,0.096,0.074,0.083,0.244,0.161,0.072,0.074,0.063,0.142,0.026,0.063,0.069,0.026,0.109,0.112,0.091,0.098,0.111,0.063,0.073,0.026,0.078,0.033,0.076,0.146,0.112,0.081,0.111,0.077,0.244,0.089,0.050,0.083,0.025,0.111,0.110,0.055,0.050,0.056,0.026,0.051,0.244,0.063,0.061,0.029,0.244,0.047,0.196,0.096,0.046,0.036,0.029,0.027,0.035,0.238,0.169,0.228,0.236,0.063,0.244,0.209,0.244,0.212
0.018,0.032,0.043,0.007,0.042,0.080,0.025,0.007,0.039,0.039,0.008,0.023,0.012,0.057,0.027,0.178,0.132,0.082,0.013,0.069,0.013,0.329,0.180,0.060,0.046,0.039,0.220,0.063,0.039,0.050,0.074,0.024,0.027,0.008,0.013,0.026,0.039,0.043,0.064,0.092,0.103,0.031,0.178,0.027,0.013,0.026,0.017,0.329,0.082,0.040,0.011,0.064,0.026,0.024,0.042,0.041,0.092,0.074,0.042,0.329,0.039,0.040,0.063,0.329,0.044,0.270,0.013,0.043,0.053,0.056,0.091,0.050,0.322,0.254,0.312,0.321,0.103,0.329,0.291,0.329,0.297
0.119,0.084,0.057,0.104,0.068,0.039,0.081,0.108,0.078,0.078,0.100,0.088,0.113,0.075,0.128,0.131,0.094,0.033,0.111,0.075,0.097,0.229,0.147,0.075,0.081,0.078,0.130,0.040,0.078,0.075,0.035,0.124,0.128,0.106,0.113,0.127,0.078,0.080,0.040,0.072,0.027,0.085,0.131,0.128,0.095,0.127,0.090,0.229,0.084,0.066,0.097,0.038,0.127,0.125,0.070,0.065,0.041,0.038,0.066,0.229,0.078,0.076,0.039,0.229,0.062,0.180,0.111,0.061,0.050,0.044,0.029,0.051,0.222,0.155,0.212,0.221,0.046,0.229,0.194,0.229,0.196
0.028,0.024,0.045,0.016,0.047,0.072,0.018,0.022,0.047,0.047,0.014,0.017,0.022,0.049,0.035,0.170,0.124,0.074,0.027,0.061,0.010,0.321,0.172,0.053,0.038,0.047,0.213,0.057,0.047,0.042,0.066,0.033,0.035,0.023,0.024,0.035,0.047,0.035,0.058,0.084,0.095,0.026,0.170,0.035,0.010,0.035,0.009,0.321,0.074,0.045,0.012,0.058,0.035,0.034,0.048,0.045,0.093,0.066,0.048,0.321,0.047,0.047,0.062,0.321,0.048,0.262,0.027,0.047,0.054,0.054,0.083,0.051,0.314,0.246,0.304,0.313,0.103,0.321,0.283,0.321,0.289
0.012,0.058,0.069,0.024,0.059,0.106,0.051,0.019,0.049,0.049,0.028,0.048,0.017,0.083,0.008,0.204,0.158,0.108,0.016,0.095,0.033,0.355,0.206,0.087,0.072,0.049,0.246,0.089,0.049,0.076,0.100,0.008,0.008,0.021,0.015,0.007,0.049,0.069,0.090,0.118,0.129,0.057,0.204,0.008,0.034,0.007,0.040,0.355,0.108,0.061,0.032,0.090,0.007,0.006,0.057,0.062,0.111,0.100,0.060,0.355,0.049,0.051,0.089,0.355,0.064,0.296,0.016,0.065,0.078,0.083,0.117,0.076,0.348,0.280,0.338,0.347,0.123,0.355,0.317,0.355,0.323
0.011,0.041,0.051,0.012,0.044,0.087,0.034,0.008,0.040,0.040,0.014,0.032,0.009,0.065,0.019,0.186,0.140,0.090,0.008,0.077,0.019,0.337,0.188,0.069,0.055,0.040,0.229,0.071,0.040,0.058,0.082,0.016,0.019,0.008,0.008,0.018,0.040,0.052,0.072,0.100,0.111,0.042,0.186,0.019,0.020,0.018,0.024,0.337,0.089,0.044,0.018,0.072,0.018,0.017,0.044,0.044,0.095,0.082,0.045,0.337,0.040,0.041,0.071,0.337,0.047,0.278,0.008,0.048,0.060,0.064,0.099,0.058,0.330,0.262,0.320,0.329,0.106,0.337,0.299,0.337,0.305
0.013,0.038,0.049,0.006,0.048,0.086,0.031,0.006,0.045,0.045,0.008,0.028,0.007,0.063,0.021,0.184,0.138,0.088,0.011,0.075,0.013,0.335,0.186,0.066,0.052,0.045,0.226,0.069,0.045,0.056,0.080,0.018,0.021,0.008,0.008,0.020,0.045,0.049,0.070,0.098,0.109,0.037,0.184,0.021,0.015,0.020,0.020,0.335,0.088,0.046,0.012,0.070,0.020,0.019,0.048,0.046,0.097,0.080,0.048,0.335,0.045,0.046,0.069,0.335,0.050,0.276,0.011,0.049,0.059,0.062,0.097,0.056,0.328,0.260,0.318,0.327,0.108,0.335,0.297,0.335,0.303
0.005,0.048,0.060,0.014,0.052,0.096,0.041,0.010,0.046,0.046,0.018,0.038,0.007,0.074,0.010,0.195,0.149,0.098,0.009,0.085,0.022,0.345,0.196,0.077,0.062,0.046,0.237,0.080,0.046,0.066,0.090,0.008,0.010,0.011,0.006,0.010,0.046,0.059,0.081,0.108,0.120,0.047,0.195,0.010,0.024,0.010,0.030,0.345,0.098,0.052,0.021,0.080,0.010,0.009,0.051,0.052,0.103,0.091,0.053,0.345,0.046,0.048,0.080,0.345,0.055,0.287,0.009,0.056,0.068,0.073,0.108,0.066,0.338,0.270,0.329,0.337,0.114,0.345,0.307,0.345,0.313
0.070,0.044,0.016,0.055,0.025,0.028,0.036,0.059,0.033,0.033,0.051,0.045,0.064,0.045,0.078,0.136,0.095,0.031,0.063,0.050,0.049,0.277,0.149,0.046,0.046,0.033,0.171,0.013,0.033,0.042,0.023,0.075,0.078,0.058,0.064,0.078,0.033,0.044,0.014,0.061,0.052,0.046,0.136,0.078,0.048,0.077,0.044,0.277,0.070,0.022,0.049,0.017,0.077,0.076,0.030,0.022,0.069,0.024,0.023,0.277,0.033,0.032,0.027,0.277,0.021,0.219,0.063,0.020,0.022,0.012,0.040,0.014,0.271,0.203,0.261,0.269,0.079,0.277,0.239,0.277,0.245
0.016,0.034,0.047,0.006,0.047,0.081,0.027,0.008,0.044,0.044,0.007,0.024,0.011,0.059,0.025,0.180,0.134,0.084,0.013,0.071,0.011,0.331,0.182,0.062,0.048,0.044,0.222,0.065,0.044,0.052,0.076,0.022,0.025,0.010,0.012,0.024,0.044,0.045,0.066,0.094,0.105,0.033,0.180,0.025,0.012,0.024,0.017,0.331,0.084,0.045,0.009,0.066,0.024,0.023,0.047,0.045,0.094,0.076,0.048,0.331,0.044,0.045,0.066,0.331,0.049,0.272,0.013,0.048,0.057,0.059,0.093,0.054,0.324,0.256,0.314,0.323,0.105,0.331,0.293,0.331,0.299
0.111,0.062,0.050,0.096,0.060,0.016,0.068,0.100,0.070,0.070,0.092,0.071,0.105,0.050,0.119,0.113,0.074,0.018,0.103,0.049,0.087,0.237,0.130,0.049,0.054,0.070,0.131,0.030,0.070,0.051,0.023,0.116,0.119,0.098,0.105,0.119,0.070,0.054,0.029,0.048,0.022,0.063,0.113,0.119,0.085,0.118,0.079,0.237,0.062,0.058,0.088,0.032,0.118,0.117,0.064,0.057,0.070,0.022,0.058,0.237,0.070,0.069,0.037,0.237,0.054,0.178,0.103,0.054,0.045,0.037,0.017,0.043,0.230,0.161,0.220,0.228,0.078,0.237,0.198,0.237,0.204
0.027,0.026,0.038,0.014,0.039,0.071,0.019,0.018,0.039,0.039,0.011,0.020,0.021,0.049,0.035,0.170,0.124,0.073,0.024,0.060,0.013,0.320,0.171,0.052,0.038,0.039,0.212,0.055,0.039,0.041,0.065,0.032,0.035,0.020,0.022,0.035,0.039,0.035,0.056,0.083,0.094,0.029,0.170,0.035,0.012,0.035,0.011,0.320,0.073,0.037,0.013,0.055,0.035,0.033,0.039,0.037,0.084,0.066,0.040,0.320,0.039,0.039,0.055,0.320,0.041,0.261,0.024,0.040,0.046,0.049,0.083,0.044,0.313,0.245,0.303,0.312,0.095,0.320,0.282,0.320,0.288
0.177,0.127,0.116,0.162,0.126,0.079,0.134,0.166,0.136,0.136,0.158,0.137,0.171,0.102,0.186,0.115,0.086,0.077,0.169,0.093,0.153,0.176,0.133,0.098,0.113,0.136,0.080,0.096,0.136,0.109,0.085,0.182,0.186,0.164,0.171,0.185,0.136,0.116,0.094,0.080,0.056,0.128,0.115,0.186,0.151,0.185,0.145,0.176,0.094,0.124,0.154,0.095,0.185,0.183,0.128,0.123,0.085,0.085,0.124,0.176,0.136,0.134,0.096,0.176,0.120,0.144,0.169,0.120,0.107,0.102,0.068,0.109,0.166,0.106,0.156,0.168,0.084,0.176,0.149,0.176,0.147
0.031,0.019,0.044,0.017,0.048,0.066,0.013,0.022,0.047,0.047,0.015,0.011,0.026,0.044,0.040,0.165,0.119,0.069,0.028,0.055,0.011,0.316,0.167,0.047,0.033,0.047,0.207,0.056,0.047,0.037,0.062,0.037,0.040,0.023,0.026,0.039,0.047,0.030,0.056,0.078,0.090,0.017,0.165,0.040,0.010,0.039,0.011,0.316,0.070,0.045,0.011,0.056,0.039,0.038,0.048,0.045,0.091,0.062,0.048,0.316,0.047,0.048,0.060,0.316,0.048,0.257,0.028,0.047,0.053,0.053,0.078,0.051,0.309,0.241,0.299,0.307,0.101,0.316,0.278,0.316,0.284
0.200,0.151,0.156,0.185,0.164,0.135,0.157,0.189,0.171,0.171,0.181,0.160,0.194,0.125,0.209,0.014,0.052,0.138,0.193,0.114,0.176,0.150,0.022,0.122,0.136,0.171,0.115,0.146,0.171,0.132,0.138,0.205,0.209,0.188,0.195,0.208,0.171,0.139,0.145,0.092,0.130,0.152,0.014,0.209,0.174,0.208,0.168,0.150,0.101,0.160,0.177,0.146,0.208,0.206,0.167,0.159,0.154,0.142,0.163,0.150,0.171,0.171,0.151,0.150,0.161,0.092,0.193,0.159,0.158,0.150,0.135,0.154,0.151,0.097,0.140,0.143,0.151,0.150,0.113,0.150,0.122
0.037,0.013,0.047,0.023,0.052,0.062,0.016,0.028,0.053,0.053,0.020,0.007,0.031,0.038,0.046,0.159,0.113,0.067,0.035,0.050,0.014,0.310,0.161,0.042,0.027,0.053,0.201,0.057,0.053,0.031,0.061,0.043,0.046,0.030,0.032,0.045,0.053,0.024,0.057,0.073,0.084,0.012,0.159,0.046,0.014,0.045,0.012,0.310,0.063,0.049,0.016,0.057,0.045,0.044,0.053,0.049,0.095,0.061,0.052,0.310,0.053,0.053,0.062,0.310,0.053,0.251,0.035,0.051,0.057,0.055,0.074,0.054,0.303,0.235,0.293,0.302,0.105,0.310,0.272,0.310,0.278
0.039,0.012,0.048,0.024,0.052,0.065,0.016,0.030,0.052,0.052,0.021,0.012,0.033,0.036,0.048,0.158,0.112,0.068,0.036,0.048,0.016,0.308,0.159,0.040,0.025,0.052,0.200,0.058,0.052,0.029,0.061,0.045,0.048,0.031,0.034,0.047,0.052,0.022,0.059,0.071,0.084,0.013,0.158,0.048,0.015,0.047,0.011,0.308,0.061,0.048,0.018,0.058,0.047,0.045,0.052,0.048,0.088,0.063,0.052,0.308,0.052,0.052,0.060,0.308,0.052,0.249,0.036,0.051,0.056,0.056,0.074,0.054,0.301,0.233,0.291,0.300,0.098,0.308,0.270,0.308,0.276
0.028,0.022,0.042,0.013,0.044,0.070,0.015,0.018,0.042,0.042,0.010,0.013,0.022,0.047,0.037,0.169,0.123,0.072,0.023,0.059,0.006,0.319,0.170,0.051,0.036,0.042,0.210,0.056,0.042,0.040,0.064,0.033,0.037,0.018,0.023,0.036,0.042,0.033,0.057,0.082,0.093,0.021,0.169,0.037,0.005,0.036,0.009,0.319,0.072,0.041,0.006,0.056,0.036,0.034,0.044,0.041,0.089,0.065,0.044,0.319,0.042,0.043,0.059,0.319,0.045,0.260,0.023,0.044,0.051,0.052,0.082,0.049,0.312,0.244,0.302,0.311,0.100,0.319,0.281,0.319,0.287
0.021,0.031,0.042,0.009,0.041,0.077,0.024,0.011,0.038,0.038,0.009,0.023,0.015,0.055,0.029,0.176,0.130,0.080,0.016,0.067,0.012,0.327,0.178,0.058,0.045,0.038,0.219,0.061,0.038,0.048,0.072,0.026,0.029,0.012,0.016,0.028,0.038,0.042,0.062,0.089,0.101,0.032,0.176,0.029,0.012,0.028,0.014,0.327,0.079,0.039,0.011,0.061,0.028,0.027,0.041,0.039,0.090,0.072,0.041,0.327,0.038,0.039,0.061,0.327,0.043,0.268,0.016,0.042,0.051,0.054,0.089,0.049,0.320,0.252,0.310,0.318,0.100,0.327,0.288,0.327,0.295
0.352,0.302,0.290,0.337,0.301,0.254,0.309,0.341,0.311,0.311,0.333,0.312,0.346,0.277,0.361,0.155,0.202,0.253,0.344,0.265,0.328,0.014,0.154,0.273,0.288,0.311,0.132,0.270,0.311,0.284,0.261,0.357,0.361,0.339,0.346,0.360,0.311,0.291,0.269,0.242,0.235,0.303,0.155,0.361,0.326,0.360,0.320,0.014,0.252,0.299,0.329,0.271,0.360,0.358,0.304,0.298,0.266,0.260,0.299,0.014,0.311,0.309,0.274,0.014,0.295,0.068,0.344,0.295,0.284,0.277,0.245,0.284,0.075,0.081,0.056,0.020,0.259,0.014,0.053,0.014,0.047
0.061,0.019,0.055,0.048,0.061,0.057,0.030,0.053,0.064,0.064,0.044,0.026,0.056,0.018,0.070,0.135,0.089,0.060,0.059,0.026,0.039,0.286,0.137,0.020,0.015,0.064,0.177,0.058,0.064,0.016,0.054,0.067,0.070,0.054,0.057,0.069,0.064,0.015,0.058,0.049,0.066,0.022,0.135,0.070,0.038,0.069,0.033,0.286,0.038,0.057,0.040,0.057,0.069,0.068,0.061,0.056,0.082,0.059,0.061,0.286,0.064,0.063,0.058,0.286,0.060,0.227,0.059,0.059,0.060,0.058,0.062,0.059,0.279,0.211,0.269,0.278,0.092,0.286,0.248,0.286,0.254
0.063,0.040,0.014,0.049,0.023,0.035,0.031,0.052,0.030,0.030,0.046,0.040,0.057,0.042,0.072,0.136,0.096,0.037,0.056,0.047,0.045,0.284,0.149,0.043,0.043,0.030,0.175,0.019,0.030,0.039,0.029,0.068,0.072,0.051,0.058,0.071,0.030,0.041,0.020,0.061,0.058,0.042,0.136,0.072,0.043,0.071,0.040,0.284,0.069,0.019,0.045,0.019,0.071,0.069,0.027,0.018,0.070,0.030,0.022,0.284,0.030,0.030,0.027,0.284,0.019,0.225,0.056,0.017,0.021,0.013,0.047,0.014,0.277,0.209,0.267,0.276,0.080,0.284,0.246,0.284,0.252
0.029,0.023,0.050,0.016,0.053,0.071,0.019,0.021,0.052,0.052,0.015,0.014,0.024,0.047,0.037,0.168,0.123,0.074,0.026,0.059,0.011,0.319,0.170,0.050,0.036,0.052,0.210,0.062,0.052,0.040,0.067,0.034,0.037,0.022,0.024,0.036,0.052,0.033,0.063,0.082,0.093,0.021,0.168,0.037,0.010,0.036,0.012,0.319,0.073,0.050,0.012,0.061,0.036,0.035,0.053,0.050,0.093,0.068,0.053,0.319,0.052,0.053,0.063,0.319,0.054,0.260,0.026,0.052,0.058,0.059,0.082,0.056,0.312,0.244,0.302,0.311,0.103,0.319,0.281,0.319,0.287
0.113,0.074,0.052,0.098,0.062,0.021,0.071,0.102,0.073,0.073,0.094,0.077,0.107,0.067,0.122,0.135,0.096,0.017,0.106,0.068,0.089,0.234,0.152,0.067,0.071,0.073,0.130,0.032,0.073,0.066,0.024,0.118,0.122,0.100,0.108,0.121,0.073,0.070,0.031,0.069,0.019,0.075,0.135,0.122,0.087,0.121,0.081,0.234,0.082,0.060,0.090,0.032,0.121,0.119,0.065,0.059,0.059,0.022,0.061,0.234,0.073,0.070,0.035,0.234,0.057,0.181,0.106,0.056,0.045,0.039,0.016,0.045,0.227,0.159,0.217,0.226,0.066,0.234,0.197,0.234,0.202
0.011,0.045,0.056,0.015,0.046,0.092,0.037,0.010,0.040,0.040,0.017,0.035,0.012,0.070,0.014,0.191,0.145,0.094,0.007,0.081,0.022,0.342,0.193,0.073,0.059,0.040,0.233,0.076,0.040,0.062,0.086,0.012,0.014,0.010,0.010,0.014,0.040,0.055,0.077,0.104,0.116,0.045,0.191,0.014,0.023,0.013,0.027,0.342,0.094,0.047,0.021,0.076,0.014,0.012,0.045,0.048,0.098,0.087,0.048,0.342,0.040,0.041,0.076,0.342,0.051,0.283,0.007,0.052,0.064,0.069,0.104,0.062,0.334,0.267,0.325,0.333,0.109,0.342,0.303,0.342,0.309
0.024,0.026,0.047,0.009,0.048,0.074,0.019,0.014,0.047,0.047,0.006,0.016,0.018,0.052,0.033,0.173,0.127,0.076,0.020,0.063,0.005,0.323,0.174,0.055,0.040,0.047,0.214,0.061,0.047,0.044,0.068,0.029,0.033,0.016,0.019,0.032,0.047,0.037,0.061,0.086,0.098,0.026,0.173,0.033,0.005,0.032,0.009,0.323,0.076,0.046,0.005,0.061,0.032,0.030,0.049,0.046,0.093,0.069,0.049,0.323,0.047,0.048,0.063,0.323,0.050,0.265,0.020,0.049,0.056,0.057,0.086,0.054,0.316,0.248,0.307,0.315,0.103,0.323,0.285,0.323,0.291
0.094,0.067,0.033,0.080,0.043,0.028,0.061,0.083,0.053,0.053,0.077,0.070,0.088,0.063,0.103,0.141,0.101,0.024,0.087,0.065,0.076,0.254,0.156,0.064,0.067,0.053,0.150,0.024,0.053,0.062,0.020,0.099,0.103,0.081,0.089,0.102,0.053,0.066,0.024,0.070,0.033,0.069,0.141,0.103,0.074,0.102,0.070,0.254,0.081,0.041,0.076,0.020,0.102,0.100,0.046,0.040,0.039,0.026,0.042,0.254,0.053,0.051,0.016,0.254,0.038,0.200,0.087,0.037,0.025,0.024,0.026,0.027,0.246,0.180,0.237,0.245,0.048,0.254,0.217,0.254,0.221
0.105,0.060,0.043,0.090,0.054,0.010,0.062,0.094,0.064,0.064,0.086,0.065,0.099,0.053,0.113,0.125,0.086,0.012,0.097,0.055,0.081,0.243,0.141,0.054,0.057,0.064,0.139,0.024,0.064,0.053,0.020,0.110,0.113,0.092,0.099,0.113,0.064,0.056,0.023,0.058,0.020,0.061,0.125,0.113,0.079,0.112,0.073,0.243,0.070,0.052,0.082,0.025,0.112,0.111,0.058,0.051,0.068,0.014,0.052,0.243,0.064,0.062,0.033,0.243,0.048,0.184,0.097,0.048,0.039,0.030,0.014,0.037,0.236,0.168,0.226,0.234,0.076,0.243,0.205,0.243,0.211
0.130,0.110,0.082,0.122,0.082,0.078,0.105,0.122,0.089,0.089,0.118,0.114,0.127,0.104,0.138,0.160,0.123,0.073,0.122,0.105,0.119,0.251,0.175,0.105,0.110,0.089,0.142,0.077,0.089,0.104,0.071,0.135,0.138,0.119,0.126,0.137,0.089,0.109,0.077,0.102,0.064,0.112,0.160,0.138,0.116,0.137,0.112,0.251,0.111,0.081,0.118,0.073,0.137,0.136,0.081,0.081,0.029,0.077,0.081,0.251,0.089,0.087,0.063,0.251,0.080,0.209,0.122,0.080,0.070,0.077,0.068,0.077,0.228,0.180,0.220,0.243,0.028,0.251,0.218,0.251,0.216
0.145,0.096,0.084,0.130,0.094,0.048,0.102,0.134,0.104,0.104,0.126,0.106,0.139,0.070,0.154,0.108,0.070,0.047,0.138,0.062,0.121,0.202,0.125,0.067,0.081,0.104,0.096,0.064,0.104,0.077,0.055,0.150,0.154,0.132,0.140,0.153,0.104,0.084,0.063,0.052,0.032,0.097,0.108,0.154,0.119,0.153,0.113,0.202,0.068,0.092,0.122,0.064,0.153,0.151,0.097,0.091,0.079,0.053,0.093,0.202,0.104,0.102,0.068,0.202,0.089,0.146,0.138,0.088,0.078,0.071,0.039,0.077,0.195,0.127,0.185,0.194,0.085,0.202,0.164,0.202,0.170
0.090,0.050,0.033,0.075,0.042,0.011,0.047,0.079,0.051,0.051,0.071,0.053,0.084,0.045,0.099,0.120,0.080,0.016,0.083,0.046,0.066,0.257,0.135,0.045,0.048,0.051,0.153,0.019,0.051,0.044,0.018,0.095,0.099,0.078,0.084,0.098,0.051,0.047,0.018,0.052,0.032,0.052,0.120,0.099,0.064,0.098,0.058,0.257,0.064,0.039,0.067,0.020,0.098,0.096,0.046,0.038,0.070,0.014,0.041,0.257,0.051,0.050,0.030,0.257,0.037,0.198,0.083,0.036,0.033,0.023,0.022,0.028,0.250,0.182,0.240,0.249,0.079,0.257,0.219,0.257,0.225
0.304,0.254,0.243,0.289,0.253,0.207,0.261,0.293,0.263,0.263,0.285,0.264,0.298,0.229,0.312,0.108,0.154,0.206,0.296,0.217,0.280,0.044,0.111,0.225,0.240,0.263,0.104,0.223,0.263,0.236,0.214,0.309,0.312,0.291,0.298,0.312,0.263,0.243,0.222,0.194,0.191,0.255,0.108,0.312,0.278,0.311,0.272,0.044,0.204,0.251,0.281,0.224,0.311,0.310,0.257,0.250,0.225,0.213,0.251,0.044,0.263,0.262,0.228,0.044,0.247,0.028,0.296,0.247,0.238,0.230,0.199,0.236,0.070,0.052,0.051,0.036,0.219,0.044,0.020,0.044,0.022
0.057,0.041,0.011,0.045,0.019,0.040,0.032,0.047,0.025,0.025,0.043,0.041,0.052,0.049,0.066,0.146,0.106,0.043,0.051,0.055,0.043,0.290,0.159,0.051,0.047,0.025,0.181,0.024,0.025,0.044,0.035,0.063,0.066,0.046,0.052,0.065,0.025,0.045,0.025,0.070,0.064,0.044,0.146,0.066,0.041,0.065,0.039,0.290,0.077,0.017,0.042,0.025,0.065,0.064,0.025,0.017,0.070,0.035,0.018,0.290,0.025,0.025,0.028,0.290,0.016,0.231,0.051,0.015,0.020,0.017,0.052,0.013,0.283,0.215,0.273,0.282,0.080,0.290,0.252,0.290,0.258
0.090,0.053,0.029,0.075,0.039,0.010,0.048,0.079,0.049,0.049,0.071,0.056,0.084,0.049,0.098,0.128,0.089,0.011,0.082,0.051,0.066,0.257,0.144,0.050,0.052,0.049,0.153,0.011,0.049,0.047,0.010,0.095,0.098,0.077,0.084,0.098,0.049,0.050,0.010,0.057,0.032,0.055,0.128,0.098,0.064,0.097,0.059,0.257,0.069,0.037,0.067,0.012,0.097,0.096,0.042,0.036,0.059,0.009,0.037,0.257,0.049,0.047,0.021,0.257,0.034,0.199,0.082,0.033,0.026,0.017,0.020,0.023,0.250,0.182,0.241,0.249,0.068,0.257,0.219,0.257,0.225
0.148,0.106,0.086,0.133,0.097,0.053,0.105,0.137,0.107,0.107,0.129,0.111,0.142,0.097,0.156,0.148,0.110,0.049,0.140,0.097,0.124,0.214,0.164,0.097,0.102,0.107,0.108,0.066,0.107,0.098,0.057,0.153,0.156,0.135,0.142,0.156,0.107,0.102,0.065,0.094,0.041,0.108,0.148,0.156,0.122,0.155,0.116,0.214,0.107,0.095,0.125,0.066,0.155,0.154,0.099,0.094,0.065,0.055,0.095,0.214,0.107,0.105,0.067,0.214,0.091,0.188,0.140,0.090,0.078,0.073,0.044,0.080,0.196,0.147,0.186,0.206,0.066,0.214,0.192,0.214,0.188
0.352,0.303,0.291,0.337,0.301,0.255,0.309,0.341,0.312,0.312,0.333,0.313,0.347,0.277,0.361,0.156,0.202,0.254,0.345,0.266,0.329,0.018,0.154,0.274,0.288,0.312,0.135,0.271,0.312,0.284,0.262,0.358,0.361,0.340,0.347,0.360,0.312,0.291,0.270,0.242,0.236,0.304,0.156,0.361,0.326,0.360,0.320,0.018,0.253,0.299,0.329,0.272,0.360,0.359,0.305,0.298,0.267,0.261,0.300,0.018,0.312,0.310,0.275,0.018,0.296,0.069,0.345,0.295,0.285,0.278,0.246,0.284,0.076,0.083,0.060,0.025,0.260,0.018,0.054,0.018,0.048
0.117,0.075,0.056,0.103,0.067,0.022,0.075,0.107,0.077,0.077,0.098,0.080,0.112,0.068,0.126,0.133,0.094,0.021,0.110,0.069,0.094,0.230,0.151,0.069,0.072,0.077,0.126,0.036,0.077,0.068,0.030,0.123,0.126,0.105,0.112,0.125,0.077,0.071,0.035,0.070,0.023,0.077,0.133,0.126,0.091,0.125,0.085,0.230,0.083,0.065,0.095,0.036,0.125,0.124,0.069,0.064,0.071,0.026,0.065,0.230,0.077,0.075,0.041,0.230,0.061,0.177,0.110,0.060,0.050,0.043,0.020,0.050,0.223,0.155,0.213,0.221,0.078,0.230,0.192,0.230,0.198
0.319,0.270,0.258,0.304,0.268,0.222,0.276,0.309,0.279,0.279,0.300,0.280,0.314,0.244,0.328,0.123,0.169,0.219,0.312,0.233,0.296,0.045,0.121,0.241,0.255,0.279,0.129,0.238,0.279,0.251,0.227,0.325,0.328,0.307,0.314,0.327,0.279,0.258,0.237,0.209,0.200,0.271,0.123,0.328,0.293,0.327,0.287,0.045,0.220,0.266,0.297,0.238,0.327,0.326,0.271,0.265,0.233,0.227,0.267,0.045,0.279,0.276,0.238,0.045,0.263,0.031,0.312,0.262,0.250,0.245,0.210,0.251,0.091,0.082,0.072,0.043,0.229,0.045,0.032,0.045,0.042
0.259,0.212,0.204,0.245,0.216,0.174,0.219,0.249,0.226,0.226,0.241,0.221,0.254,0.190,0.268,0.164,0.147,0.172,0.253,0.179,0.236,0.134,0.184,0.186,0.198,0.226,0.054,0.188,0.226,0.196,0.181,0.265,0.268,0.248,0.254,0.267,0.226,0.201,0.187,0.166,0.156,0.212,0.164,0.268,0.234,0.267,0.229,0.134,0.173,0.214,0.237,0.188,0.267,0.266,0.219,0.213,0.184,0.177,0.214,0.134,0.226,0.224,0.190,0.134,0.211,0.138,0.253,0.210,0.198,0.194,0.165,0.200,0.095,0.082,0.095,0.128,0.183,0.134,0.127,0.134,0.118
0.077,0.049,0.016,0.062,0.027,0.021,0.040,0.066,0.037,0.037,0.058,0.049,0.072,0.049,0.086,0.137,0.098,0.023,0.070,0.053,0.055,0.270,0.152,0.050,0.051,0.037,0.164,0.007,0.037,0.047,0.016,0.083,0.086,0.065,0.072,0.085,0.037,0.049,0.007,0.064,0.044,0.051,0.137,0.086,0.053,0.085,0.049,0.270,0.073,0.025,0.055,0.010,0.085,0.083,0.031,0.024,0.063,0.016,0.025,0.270,0.037,0.035,0.021,0.270,0.021,0.211,0.070,0.021,0.017,0.007,0.033,0.012,0.263,0.195,0.253,0.262,0.073,0.270,0.232,0.270,0.238
0.150,0.104,0.089,0.136,0.100,0.053,0.108,0.140,0.110,0.110,0.131,0.111,0.145,0.090,0.159,0.137,0.099,0.051,0.143,0.089,0.127,0.210,0.154,0.090,0.096,0.110,0.100,0.069,0.110,0.092,0.059,0.156,0.159,0.138,0.145,0.158,0.110,0.096,0.068,0.083,0.033,0.105,0.137,0.159,0.124,0.158,0.118,0.210,0.097,0.098,0.128,0.069,0.158,0.157,0.102,0.097,0.063,0.058,0.098,0.210,0.110,0.108,0.069,0.210,0.094,0.174,0.143,0.093,0.081,0.076,0.041,0.083,0.193,0.139,0.183,0.202,0.066,0.210,0.181,0.210,0.177
0.097,0.068,0.035,0.082,0.046,0.024,0.061,0.086,0.056,0.056,0.078,0.070,0.091,0.065,0.105,0.139,0.100,0.021,0.089,0.068,0.076,0.251,0.154,0.066,0.068,0.056,0.149,0.018,0.056,0.064,0.021,0.102,0.105,0.084,0.091,0.104,0.056,0.067,0.018,0.071,0.029,0.070,0.139,0.105,0.074,0.104,0.070,0.251,0.084,0.044,0.076,0.019,0.104,0.103,0.049,0.043,0.052,0.020,0.044,0.251,0.056,0.054,0.024,0.251,0.040,0.194,0.089,0.040,0.029,0.022,0.024,0.029,0.244,0.176,0.234,0.242,0.060,0.251,0.212,0.251,0.218
0.170,0.121,0.109,0.155,0.119,0.072,0.127,0.159,0.129,0.129,0.151,0.130,0.164,0.098,0.179,0.121,0.093,0.070,0.163,0.094,0.146,0.185,0.138,0.097,0.107,0.129,0.091,0.089,0.129,0.103,0.078,0.175,0.179,0.157,0.165,0.178,0.129,0.109,0.088,0.085,0.050,0.121,0.121,0.179,0.144,0.178,0.138,0.185,0.099,0.117,0.147,0.089,0.178,0.176,0.122,0.116,0.080,0.078,0.118,0.185,0.129,0.127,0.090,0.185,0.114,0.154,0.163,0.113,0.101,0.096,0.061,0.102,0.172,0.117,0.162,0.177,0.077,0.185,0.162,0.185,0.159
0.083,0.055,0.022,0.069,0.033,0.021,0.048,0.073,0.043,0.043,0.065,0.057,0.078,0.054,0.092,0.141,0.101,0.021,0.076,0.058,0.062,0.264,0.155,0.055,0.056,0.043,0.159,0.012,0.043,0.051,0.017,0.089,0.092,0.071,0.078,0.091,0.043,0.054,0.012,0.066,0.039,0.057,0.141,0.092,0.061,0.091,0.057,0.264,0.076,0.031,0.063,0.011,0.091,0.090,0.035,0.030,0.053,0.017,0.031,0.264,0.043,0.041,0.017,0.264,0.027,0.206,0.076,0.026,0.018,0.012,0.028,0.016,0.257,0.189,0.247,0.255,0.062,0.264,0.225,0.264,0.232
0.352,0.303,0.291,0.337,0.301,0.255,0.310,0.342,0.312,0.312,0.333,0.313,0.347,0.277,0.361,0.172,0.202,0.252,0.345,0.266,0.329,0.078,0.188,0.274,0.288,0.312,0.115,0.271,0.312,0.285,0.260,0.358,0.361,0.340,0.347,0.360,0.312,0.292,0.270,0.243,0.231,0.304,0.172,0.361,0.326,0.360,0.320,0.078,0.253,0.299,0.330,0.271,0.360,0.359,0.304,0.299,0.252,0.260,0.300,0.078,0.312,0.310,0.271,0.078,0.296,0.112,0.345,0.295,0.283,0.278,0.243,0.284,0.030,0.084,0.048,0.077,0.243,0.078,0.095,0.078,0.077
0.351,0.302,0.290,0.336,0.301,0.254,0.309,0.341,0.311,0.311,0.332,0.312,0.346,0.276,0.360,0.155,0.201,0.253,0.344,0.265,0.328,0.016,0.153,0.273,0.287,0.311,0.131,0.270,0.311,0.284,0.261,0.357,0.360,0.339,0.346,0.359,0.311,0.291,0.269,0.242,0.235,0.303,0.155,0.360,0.325,0.359,0.319,0.016,0.252,0.298,0.329,0.271,0.359,0.358,0.304,0.298,0.266,0.260,0.299,0.016,0.311,0.309,0.274,0.016,0.295,0.068,0.344,0.294,0.284,0.277,0.245,0.284,0.076,0.081,0.058,0.021,0.259,0.016,0.053,0.016,0.048
0.390,0.341,0.329,0.376,0.340,0.293,0.348,0.380,0.350,0.350,0.371,0.351,0.385,0.315,0.399,0.199,0.240,0.291,0.383,0.304,0.367,0.069,0.206,0.312,0.326,0.350,0.153,0.309,0.350,0.323,0.299,0.396,0.399,0.378,0.385,0.398,0.350,0.330,0.308,0.281,0.269,0.342,0.199,0.399,0.364,0.398,0.358,0.069,0.291,0.338,0.368,0.309,0.398,0.397,0.342,0.337,0.289,0.298,0.338,0.069,0.350,0.348,0.309,0.069,0.334,0.116,0.383,0.333,0.321,0.316,0.281,0.323,0.052,0.119,0.062,0.070,0.280,0.069,0.098,0.069,0.083
0.391,0.341,0.329,0.376,0.340,0.293,0.348,0.380,0.350,0.350,0.372,0.351,0.385,0.316,0.400,0.195,0.241,0.291,0.383,0.304,0.367,0.046,0.196,0.312,0.327,0.350,0.160,0.309,0.350,0.323,0.299,0.396,0.400,0.378,0.385,0.399,0.350,0.330,0.308,0.281,0.272,0.342,0.195,0.400,0.365,0.399,0.359,0.046,0.291,0.338,0.368,0.310,0.399,0.397,0.343,0.337,0.298,0.299,0.338,0.046,0.350,0.348,0.311,0.046,0.334,0.106,0.383,0.334,0.322,0.316,0.282,0.323,0.057,0.119,0.065,0.053,0.289,0.046,0.090,0.046,0.082
0.141,0.114,0.089,0.129,0.091,0.083,0.111,0.131,0.100,0.100,0.125,0.118,0.136,0.106,0.149,0.145,0.117,0.078,0.133,0.107,0.125,0.243,0.160,0.107,0.112,0.100,0.142,0.083,0.100,0.107,0.076,0.146,0.149,0.128,0.136,0.149,0.100,0.112,0.083,0.103,0.069,0.116,0.145,0.149,0.123,0.148,0.118,0.243,0.111,0.090,0.125,0.079,0.148,0.147,0.092,0.089,0.037,0.083,0.090,0.243,0.100,0.098,0.070,0.243,0.088,0.197,0.133,0.088,0.078,0.084,0.073,0.085,0.223,0.173,0.213,0.235,0.027,0.243,0.208,0.243,0.206
0.329,0.280,0.268,0.314,0.279,0.232,0.287,0.319,0.289,0.289,0.310,0.290,0.324,0.254,0.338,0.133,0.179,0.231,0.322,0.243,0.306,0.024,0.131,0.251,0.265,0.289,0.122,0.248,0.289,0.262,0.239,0.335,0.338,0.317,0.324,0.337,0.289,0.269,0.247,0.220,0.215,0.281,0.133,0.338,0.303,0.337,0.297,0.024,0.230,0.276,0.307,0.249,0.337,0.336,0.282,0.276,0.248,0.238,0.277,0.024,0.289,0.287,0.253,0.024,0.273,0.048,0.322,0.272,0.263,0.255,0.224,0.262,0.078,0.070,0.059,0.022,0.242,0.024,0.034,0.024,0.033
0.362,0.312,0.300,0.347,0.311,0.264,0.319,0.351,0.321,0.321,0.343,0.322,0.356,0.287,0.371,0.165,0.211,0.262,0.354,0.275,0.338,0.036,0.164,0.283,0.298,0.321,0.138,0.280,0.321,0.294,0.270,0.367,0.371,0.349,0.356,0.370,0.321,0.301,0.279,0.252,0.241,0.313,0.165,0.371,0.336,0.369,0.330,0.036,0.262,0.309,0.339,0.280,0.370,0.368,0.313,0.308,0.261,0.269,0.309,0.036,0.321,0.319,0.281,0.036,0.305,0.074,0.354,0.304,0.292,0.287,0.252,0.294,0.087,0.098,0.068,0.041,0.254,0.036,0.053,0.036,0.049
0.392,0.342,0.331,0.377,0.341,0.294,0.349,0.381,0.351,0.351,0.373,0.352,0.386,0.317,0.401,0.196,0.242,0.292,0.384,0.305,0.368,0.048,0.194,0.313,0.328,0.351,0.156,0.311,0.351,0.324,0.300,0.397,0.401,0.379,0.386,0.400,0.351,0.331,0.309,0.282,0.271,0.343,0.196,0.401,0.366,0.400,0.360,0.048,0.292,0.339,0.369,0.310,0.400,0.398,0.343,0.338,0.292,0.300,0.339,0.048,0.351,0.349,0.311,0.048,0.335,0.105,0.384,0.335,0.323,0.317,0.283,0.324,0.057,0.120,0.064,0.054,0.283,0.048,0.087,0.048,0.079
0.343,0.294,0.282,0.328,0.292,0.246,0.301,0.333,0.303,0.303,0.324,0.304,0.338,0.268,0.352,0.147,0.193,0.243,0.336,0.257,0.320,0.033,0.145,0.265,0.279,0.303,0.141,0.262,0.303,0.275,0.251,0.349,0.352,0.331,0.338,0.351,0.303,0.283,0.261,0.234,0.226,0.295,0.147,0.352,0.317,0.351,0.311,0.033,0.244,0.290,0.321,0.262,0.351,0.350,0.295,0.289,0.259,0.251,0.291,0.033,0.303,0.301,0.264,0.033,0.287,0.058,0.336,0.286,0.274,0.269,0.235,0.275,0.090,0.091,0.072,0.037,0.254,0.033,0.045,0.033,0.047
