0.005,0.020,0.039,0.035,0.045,0.015,0.021,0.058,0.031,0.083,0.093,0.104,0.022,0.066,0.121,0.178,0.110,0.362,0.061,0.051,0.074,0.129,0.082,0.317,0.067,0.114,0.059,0.136,0.121,0.181,0.080,0.132
0.016,0.003,0.024,0.019,0.027,0.021,0.004,0.043,0.015,0.066,0.077,0.087,0.005,0.050,0.103,0.165,0.093,0.380,0.043,0.035,0.057,0.117,0.065,0.299,0.049,0.130,0.053,0.118,0.104,0.164,0.068,0.115
0.030,0.015,0.009,0.004,0.026,0.020,0.014,0.042,0.006,0.066,0.066,0.085,0.013,0.048,0.102,0.164,0.083,0.393,0.031,0.020,0.042,0.118,0.053,0.298,0.047,0.143,0.048,0.117,0.094,0.158,0.056,0.105
0.039,0.024,0.010,0.011,0.018,0.029,0.023,0.040,0.013,0.065,0.063,0.081,0.021,0.045,0.095,0.161,0.076,0.402,0.032,0.014,0.033,0.115,0.046,0.291,0.039,0.152,0.046,0.110,0.087,0.151,0.056,0.098
0.047,0.031,0.030,0.033,0.009,0.050,0.030,0.043,0.035,0.069,0.073,0.081,0.029,0.048,0.088,0.156,0.079,0.412,0.047,0.023,0.030,0.115,0.057,0.273,0.018,0.157,0.050,0.096,0.081,0.142,0.069,0.089
0.015,0.025,0.033,0.028,0.050,0.007,0.026,0.064,0.024,0.089,0.090,0.110,0.028,0.071,0.126,0.182,0.107,0.369,0.055,0.045,0.066,0.135,0.077,0.323,0.072,0.121,0.056,0.141,0.119,0.182,0.078,0.130
0.018,0.004,0.020,0.016,0.024,0.021,0.004,0.041,0.013,0.064,0.074,0.084,0.005,0.047,0.101,0.165,0.091,0.383,0.040,0.032,0.054,0.117,0.062,0.297,0.046,0.132,0.052,0.116,0.102,0.162,0.065,0.113
0.056,0.040,0.037,0.039,0.031,0.058,0.039,0.007,0.042,0.033,0.041,0.051,0.037,0.013,0.066,0.131,0.056,0.420,0.012,0.039,0.050,0.083,0.026,0.263,0.045,0.150,0.061,0.081,0.067,0.127,0.032,0.078
0.021,0.014,0.018,0.013,0.035,0.011,0.014,0.050,0.009,0.075,0.076,0.095,0.016,0.057,0.111,0.170,0.093,0.384,0.039,0.030,0.051,0.124,0.062,0.308,0.056,0.134,0.051,0.126,0.104,0.168,0.064,0.115
0.079,0.064,0.065,0.065,0.059,0.083,0.063,0.033,0.068,0.013,0.018,0.023,0.062,0.027,0.040,0.111,0.032,0.441,0.036,0.067,0.076,0.059,0.027,0.250,0.073,0.149,0.068,0.055,0.042,0.130,0.022,0.052
0.118,0.102,0.088,0.090,0.081,0.109,0.101,0.064,0.093,0.045,0.033,0.024,0.099,0.057,0.022,0.123,0.020,0.481,0.060,0.080,0.079,0.082,0.042,0.237,0.085,0.186,0.081,0.034,0.019,0.137,0.044,0.023
0.110,0.095,0.092,0.095,0.076,0.113,0.094,0.059,0.098,0.034,0.033,0.017,0.092,0.051,0.020,0.114,0.022,0.468,0.065,0.086,0.083,0.074,0.045,0.228,0.077,0.175,0.083,0.034,0.023,0.130,0.048,0.030
0.027,0.011,0.017,0.018,0.016,0.030,0.010,0.035,0.019,0.058,0.067,0.076,0.009,0.040,0.092,0.157,0.082,0.391,0.038,0.025,0.047,0.109,0.054,0.288,0.039,0.139,0.050,0.107,0.094,0.153,0.059,0.104
0.078,0.064,0.062,0.064,0.047,0.081,0.063,0.025,0.067,0.024,0.027,0.032,0.062,0.018,0.046,0.106,0.032,0.442,0.037,0.055,0.062,0.067,0.019,0.240,0.060,0.163,0.073,0.057,0.042,0.114,0.025,0.052
0.108,0.092,0.093,0.093,0.082,0.111,0.092,0.062,0.095,0.036,0.036,0.017,0.090,0.055,0.017,0.123,0.028,0.467,0.064,0.092,0.091,0.079,0.049,0.235,0.085,0.174,0.089,0.035,0.030,0.140,0.049,0.035
0.175,0.162,0.153,0.158,0.145,0.176,0.161,0.124,0.161,0.102,0.107,0.104,0.160,0.118,0.114,0.017,0.105,0.520,0.133,0.145,0.153,0.090,0.114,0.217,0.153,0.225,0.160,0.123,0.108,0.101,0.109,0.113
0.125,0.110,0.095,0.098,0.084,0.117,0.109,0.071,0.101,0.052,0.041,0.033,0.107,0.065,0.026,0.125,0.025,0.489,0.068,0.084,0.076,0.090,0.049,0.225,0.083,0.195,0.085,0.030,0.017,0.135,0.052,0.014
0.384,0.400,0.419,0.415,0.426,0.394,0.401,0.439,0.411,0.458,0.471,0.479,0.403,0.446,0.496,0.540,0.487,0.026,0.442,0.431,0.454,0.469,0.462,0.666,0.449,0.338,0.438,0.513,0.499,0.546,0.459,0.508
0.069,0.053,0.039,0.042,0.034,0.060,0.052,0.017,0.045,0.040,0.036,0.054,0.051,0.020,0.067,0.133,0.047,0.433,0.012,0.033,0.039,0.088,0.019,0.261,0.045,0.164,0.057,0.080,0.057,0.121,0.031,0.068
0.057,0.042,0.026,0.028,0.019,0.047,0.041,0.046,0.031,0.073,0.068,0.085,0.039,0.052,0.093,0.158,0.074,0.420,0.040,0.016,0.017,0.119,0.051,0.276,0.022,0.170,0.051,0.100,0.076,0.141,0.063,0.085
0.075,0.060,0.045,0.047,0.037,0.065,0.059,0.055,0.050,0.078,0.074,0.089,0.058,0.058,0.095,0.163,0.079,0.438,0.049,0.034,0.004,0.124,0.056,0.263,0.015,0.188,0.068,0.103,0.077,0.145,0.069,0.086
0.134,0.122,0.117,0.122,0.109,0.139,0.122,0.084,0.125,0.062,0.066,0.061,0.121,0.078,0.075,0.085,0.067,0.458,0.097,0.111,0.125,0.012,0.078,0.213,0.122,0.162,0.119,0.086,0.074,0.113,0.070,0.082
0.090,0.075,0.061,0.063,0.054,0.081,0.074,0.036,0.066,0.035,0.029,0.039,0.072,0.030,0.050,0.109,0.030,0.454,0.034,0.052,0.057,0.079,0.022,0.238,0.064,0.178,0.076,0.059,0.035,0.113,0.028,0.045
0.325,0.310,0.302,0.307,0.285,0.328,0.309,0.272,0.311,0.262,0.261,0.246,0.307,0.266,0.232,0.236,0.248,0.658,0.280,0.290,0.268,0.235,0.263,0.016,0.262,0.381,0.308,0.228,0.239,0.155,0.271,0.232
0.067,0.051,0.048,0.050,0.026,0.069,0.050,0.048,0.053,0.072,0.077,0.084,0.049,0.053,0.090,0.160,0.082,0.431,0.053,0.038,0.017,0.119,0.061,0.257,0.004,0.175,0.065,0.097,0.081,0.145,0.073,0.089
0.127,0.140,0.155,0.153,0.162,0.135,0.141,0.164,0.150,0.163,0.176,0.184,0.142,0.166,0.202,0.239,0.192,0.294,0.166,0.166,0.195,0.174,0.176,0.384,0.184,0.029,0.136,0.218,0.201,0.259,0.168,0.211
0.058,0.052,0.049,0.048,0.046,0.051,0.051,0.065,0.049,0.075,0.070,0.089,0.051,0.066,0.099,0.171,0.080,0.418,0.056,0.049,0.055,0.123,0.062,0.297,0.051,0.138,0.016,0.109,0.081,0.166,0.069,0.093
0.137,0.121,0.119,0.121,0.099,0.140,0.120,0.084,0.124,0.063,0.062,0.042,0.119,0.077,0.024,0.141,0.047,0.498,0.091,0.109,0.105,0.100,0.072,0.228,0.099,0.205,0.111,0.010,0.043,0.155,0.075,0.035
0.145,0.129,0.115,0.118,0.103,0.136,0.128,0.091,0.121,0.072,0.060,0.051,0.127,0.084,0.034,0.144,0.044,0.509,0.087,0.104,0.092,0.106,0.069,0.233,0.097,0.212,0.102,0.021,0.034,0.154,0.072,0.024
0.339,0.324,0.316,0.321,0.298,0.341,0.323,0.286,0.325,0.271,0.270,0.255,0.321,0.279,0.242,0.240,0.256,0.672,0.294,0.304,0.282,0.244,0.273,0.029,0.276,0.388,0.315,0.235,0.247,0.169,0.280,0.240
0.091,0.075,0.062,0.065,0.062,0.083,0.075,0.037,0.068,0.021,0.013,0.025,0.073,0.031,0.041,0.108,0.020,0.454,0.036,0.059,0.067,0.067,0.018,0.246,0.075,0.165,0.065,0.055,0.031,0.123,0.018,0.042
0.058,0.053,0.063,0.062,0.052,0.062,0.052,0.070,0.062,0.074,0.081,0.088,0.052,0.071,0.098,0.165,0.089,0.404,0.072,0.065,0.073,0.109,0.075,0.283,0.058,0.118,0.033,0.110,0.091,0.165,0.082,0.102
