0.027,0.027,0.027,0.027,0.027,0.027,0.027,0.027,0.027,0.027,0.027,0.027,0.027,0.027,0.027,0.027,0.027,0.027,0.027,0.027,0.027,0.027,0.027,0.027,0.027,0.027,0.027,0.027,0.027,0.027,0.027,0.027,0.027,0.027,0.027,0.027,0.027,0.027,0.027,0.027,0.027,0.027,0.027,0.027,0.027,0.027,0.027,0.027,0.027,0.027,0.027,0.027,0.027,0.027,0.027,0.027
0.033,0.033,0.033,0.033,0.033,0.033,0.033,0.033,0.033,0.033,0.033,0.033,0.033,0.033,0.033,0.033,0.033,0.033,0.033,0.033,0.033,0.033,0.033,0.033,0.033,0.033,0.033,0.033,0.033,0.033,0.033,0.033,0.033,0.033,0.033,0.033,0.033,0.033,0.033,0.033,0.033,0.033,0.033,0.033,0.033,0.033,0.033,0.033,0.033,0.033,0.033,0.033,0.033,0.033,0.033,0.033
0.027,0.027,0.027,0.027,0.027,0.027,0.027,0.027,0.027,0.027,0.027,0.027,0.027,0.027,0.027,0.027,0.027,0.027,0.027,0.027,0.027,0.027,0.027,0.027,0.027,0.027,0.027,0.027,0.027,0.027,0.027,0.027,0.027,0.027,0.027,0.027,0.027,0.027,0.027,0.027,0.027,0.027,0.027,0.027,0.027,0.027,0.027,0.027,0.027,0.027,0.027,0.027,0.027,0.027,0.027,0.027
0.028,0.028,0.028,0.028,0.028,0.028,0.028,0.028,0.028,0.028,0.028,0.028,0.028,0.028,0.028,0.028,0.028,0.028,0.028,0.028,0.028,0.028,0.028,0.028,0.028,0.028,0.028,0.028,0.028,0.028,0.028,0.028,0.028,0.028,0.028,0.028,0.028,0.028,0.028,0.028,0.028,0.028,0.028,0.028,0.028,0.028,0.028,0.028,0.028,0.028,0.028,0.028,0.028,0.028,0.028,0.028
0.025,0.025,0.025,0.025,0.025,0.025,0.025,0.025,0.025,0.025,0.025,0.025,0.025,0.025,0.025,0.025,0.025,0.025,0.025,0.025,0.025,0.025,0.025,0.025,0.025,0.025,0.025,0.025,0.025,0.025,0.025,0.025,0.025,0.025,0.025,0.025,0.025,0.025,0.025,0.025,0.025,0.025,0.025,0.025,0.025,0.025,0.025,0.025,0.025,0.025,0.025,0.025,0.025,0.025,0.025,0.025
0.030,0.030,0.030,0.030,0.030,0.030,0.030,0.030,0.030,0.030,0.030,0.030,0.030,0.030,0.030,0.030,0.030,0.030,0.030,0.030,0.030,0.030,0.030,0.030,0.030,0.030,0.030,0.030,0.030,0.030,0.030,0.030,0.030,0.030,0.030,0.030,0.030,0.030,0.030,0.030,0.030,0.030,0.030,0.030,0.030,0.030,0.030,0.030,0.030,0.030,0.030,0.030,0.030,0.030,0.030,0.030
0.030,0.030,0.030,0.030,0.030,0.030,0.030,0.030,0.030,0.030,0.030,0.030,0.030,0.030,0.030,0.030,0.030,0.030,0.030,0.030,0.030,0.030,0.030,0.030,0.030,0.030,0.030,0.030,0.030,0.030,0.030,0.030,0.030,0.030,0.030,0.030,0.030,0.030,0.030,0.030,0.030,0.030,0.030,0.030,0.030,0.030,0.030,0.030,0.030,0.030,0.030,0.030,0.030,0.030,0.030,0.030
0.028,0.028,0.028,0.028,0.028,0.028,0.028,0.028,0.028,0.028,0.028,0.028,0.028,0.028,0.028,0.028,0.028,0.028,0.028,0.028,0.028,0.028,0.028,0.028,0.028,0.028,0.028,0.028,0.028,0.028,0.028,0.028,0.028,0.028,0.028,0.028,0.028,0.028,0.028,0.028,0.028,0.028,0.028,0.028,0.028,0.028,0.028,0.028,0.028,0.028,0.028,0.028,0.028,0.028,0.028,0.028
0.027,0.027,0.027,0.027,0.027,0.027,0.027,0.027,0.027,0.027,0.027,0.027,0.027,0.027,0.027,0.027,0.027,0.027,0.027,0.027,0.027,0.027,0.027,0.027,0.027,0.027,0.027,0.027,0.027,0.027,0.027,0.027,0.027,0.027,0.027,0.027,0.027,0.027,0.027,0.027,0.027,0.027,0.027,0.027,0.027,0.027,0.027,0.027,0.027,0.027,0.027,0.027,0.027,0.027,0.027,0.027
0.029,0.029,0.029,0.029,0.029,0.029,0.029,0.029,0.029,0.029,0.029,0.029,0.029,0.029,0.029,0.029,0.029,0.029,0.029,0.029,0.029,0.029,0.029,0.029,0.029,0.029,0.029,0.029,0.029,0.029,0.029,0.029,0.029,0.029,0.029,0.029,0.029,0.029,0.029,0.029,0.029,0.029,0.029,0.029,0.029,0.029,0.029,0.029,0.029,0.029,0.029,0.029,0.029,0.029,0.029,0.029
0.064,0.064,0.064,0.064,0.064,0.064,0.064,0.064,0.064,0.064,0.064,0.064,0.064,0.064,0.064,0.064,0.064,0.064,0.064,0.064,0.064,0.064,0.064,0.064,0.064,0.064,0.064,0.064,0.064,0.064,0.064,0.064,0.064,0.064,0.064,0.064,0.064,0.064,0.064,0.064,0.064,0.064,0.064,0.064,0.064,0.064,0.064,0.064,0.064,0.064,0.064,0.064,0.064,0.064,0.064,0.064
0.024,0.024,0.024,0.024,0.024,0.024,0.024,0.024,0.024,0.024,0.024,0.024,0.024,0.024,0.024,0.024,0.024,0.024,0.024,0.024,0.024,0.024,0.024,0.024,0.024,0.024,0.024,0.024,0.024,0.024,0.024,0.024,0.024,0.024,0.024,0.024,0.024,0.024,0.024,0.024,0.024,0.024,0.024,0.024,0.024,0.024,0.024,0.024,0.024,0.024,0.024,0.024,0.024,0.024,0.024,0.024
0.023,0.023,0.023,0.023,0.023,0.023,0.023,0.023,0.023,0.023,0.023,0.023,0.023,0.023,0.023,0.023,0.023,0.023,0.023,0.023,0.023,0.023,0.023,0.023,0.023,0.023,0.023,0.023,0.023,0.023,0.023,0.023,0.023,0.023,0.023,0.023,0.023,0.023,0.023,0.023,0.023,0.023,0.023,0.023,0.023,0.023,0.023,0.023,0.023,0.023,0.023,0.023,0.023,0.023,0.023,0.023
0.027,0.027,0.027,0.027,0.027,0.027,0.027,0.027,0.027,0.027,0.027,0.027,0.027,0.027,0.027,0.027,0.027,0.027,0.027,0.027,0.027,0.027,0.027,0.027,0.027,0.027,0.027,0.027,0.027,0.027,0.027,0.027,0.027,0.027,0.027,0.027,0.027,0.027,0.027,0.027,0.027,0.027,0.027,0.027,0.027,0.027,0.027,0.027,0.027,0.027,0.027,0.027,0.027,0.027,0.027,0.027
0.032,0.032,0.032,0.032,0.032,0.032,0.032,0.032,0.032,0.032,0.032,0.032,0.032,0.032,0.032,0.032,0.032,0.032,0.032,0.032,0.032,0.032,0.032,0.032,0.032,0.032,0.032,0.032,0.032,0.032,0.032,0.032,0.032,0.032,0.032,0.032,0.032,0.032,0.032,0.032,0.032,0.032,0.032,0.032,0.032,0.032,0.032,0.032,0.032,0.032,0.032,0.032,0.032,0.032,0.032,0.032
0.030,0.030,0.030,0.030,0.030,0.030,0.030,0.030,0.030,0.030,0.030,0.030,0.030,0.030,0.030,0.030,0.030,0.030,0.030,0.030,0.030,0.030,0.030,0.030,0.030,0.030,0.030,0.030,0.030,0.030,0.030,0.030,0.030,0.030,0.030,0.030,0.030,0.030,0.030,0.030,0.030,0.030,0.030,0.030,0.030,0.030,0.030,0.030,0.030,0.030,0.030,0.030,0.030,0.030,0.030,0.030
0.036,0.036,0.036,0.036,0.036,0.036,0.036,0.036,0.036,0.036,0.036,0.036,0.036,0.036,0.036,0.036,0.036,0.036,0.036,0.036,0.036,0.036,0.036,0.036,0.036,0.036,0.036,0.036,0.036,0.036,0.036,0.036,0.036,0.036,0.036,0.036,0.036,0.036,0.036,0.036,0.036,0.036,0.036,0.036,0.036,0.036,0.036,0.036,0.036,0.036,0.036,0.036,0.036,0.036,0.036,0.036
0.026,0.026,0.026,0.026,0.026,0.026,0.026,0.026,0.026,0.026,0.026,0.026,0.026,0.026,0.026,0.026,0.026,0.026,0.026,0.026,0.026,0.026,0.026,0.026,0.026,0.026,0.026,0.026,0.026,0.026,0.026,0.026,0.026,0.026,0.026,0.026,0.026,0.026,0.026,0.026,0.026,0.026,0.026,0.026,0.026,0.026,0.026,0.026,0.026,0.026,0.026,0.026,0.026,0.026,0.026,0.026
0.029,0.029,0.029,0.029,0.029,0.029,0.029,0.029,0.029,0.029,0.029,0.029,0.029,0.029,0.029,0.029,0.029,0.029,0.029,0.029,0.029,0.029,0.029,0.029,0.029,0.029,0.029,0.029,0.029,0.029,0.029,0.029,0.029,0.029,0.029,0.029,0.029,0.029,0.029,0.029,0.029,0.029,0.029,0.029,0.029,0.029,0.029,0.029,0.029,0.029,0.029,0.029,0.029,0.029,0.029,0.029
0.026,0.026,0.026,0.026,0.026,0.026,0.026,0.026,0.026,0.026,0.026,0.026,0.026,0.026,0.026,0.026,0.026,0.026,0.026,0.026,0.026,0.026,0.026,0.026,0.026,0.026,0.026,0.026,0.026,0.026,0.026,0.026,0.026,0.026,0.026,0.026,0.026,0.026,0.026,0.026,0.026,0.026,0.026,0.026,0.026,0.026,0.026,0.026,0.026,0.026,0.026,0.026,0.026,0.026,0.026,0.026
0.032,0.032,0.032,0.032,0.032,0.032,0.032,0.032,0.032,0.032,0.032,0.032,0.032,0.032,0.032,0.032,0.032,0.032,0.032,0.032,0.032,0.032,0.032,0.032,0.032,0.032,0.032,0.032,0.032,0.032,0.032,0.032,0.032,0.032,0.032,0.032,0.032,0.032,0.032,0.032,0.032,0.032,0.032,0.032,0.032,0.032,0.032,0.032,0.032,0.032,0.032,0.032,0.032,0.032,0.032,0.032
0.032,0.032,0.032,0.032,0.032,0.032,0.032,0.032,0.032,0.032,0.032,0.032,0.032,0.032,0.032,0.032,0.032,0.032,0.032,0.032,0.032,0.032,0.032,0.032,0.032,0.032,0.032,0.032,0.032,0.032,0.032,0.032,0.032,0.032,0.032,0.032,0.032,0.032,0.032,0.032,0.032,0.032,0.032,0.032,0.032,0.032,0.032,0.032,0.032,0.032,0.032,0.032,0.032,0.032,0.032,0.032
0.031,0.031,0.031,0.031,0.031,0.031,0.031,0.031,0.031,0.031,0.031,0.031,0.031,0.031,0.031,0.031,0.031,0.031,0.031,0.031,0.031,0.031,0.031,0.031,0.031,0.031,0.031,0.031,0.031,0.031,0.031,0.031,0.031,0.031,0.031,0.031,0.031,0.031,0.031,0.031,0.031,0.031,0.031,0.031,0.031,0.031,0.031,0.031,0.031,0.031,0.031,0.031,0.031,0.031,0.031,0.031
0.030,0.030,0.030,0.030,0.030,0.030,0.030,0.030,0.030,0.030,0.030,0.030,0.030,0.030,0.030,0.030,0.030,0.030,0.030,0.030,0.030,0.030,0.030,0.030,0.030,0.030,0.030,0.030,0.030,0.030,0.030,0.030,0.030,0.030,0.030,0.030,0.030,0.030,0.030,0.030,0.030,0.030,0.030,0.030,0.030,0.030,0.030,0.030,0.030,0.030,0.030,0.030,0.030,0.030,0.030,0.030
0.061,0.061,0.061,0.061,0.061,0.061,0.061,0.061,0.061,0.061,0.061,0.061,0.061,0.061,0.061,0.061,0.061,0.061,0.061,0.061,0.061,0.061,0.061,0.061,0.061,0.061,0.061,0.061,0.061,0.061,0.061,0.061,0.061,0.061,0.061,0.061,0.061,0.061,0.061,0.061,0.061,0.061,0.061,0.061,0.061,0.061,0.061,0.061,0.061,0.061,0.061,0.061,0.061,0.061,0.061,0.061
0.028,0.028,0.028,0.028,0.028,0.028,0.028,0.028,0.028,0.028,0.028,0.028,0.028,0.028,0.028,0.028,0.028,0.028,0.028,0.028,0.028,0.028,0.028,0.028,0.028,0.028,0.028,0.028,0.028,0.028,0.028,0.028,0.028,0.028,0.028,0.028,0.028,0.028,0.028,0.028,0.028,0.028,0.028,0.028,0.028,0.028,0.028,0.028,0.028,0.028,0.028,0.028,0.028,0.028,0.028,0.028
0.026,0.026,0.026,0.026,0.026,0.026,0.026,0.026,0.026,0.026,0.026,0.026,0.026,0.026,0.026,0.026,0.026,0.026,0.026,0.026,0.026,0.026,0.026,0.026,0.026,0.026,0.026,0.026,0.026,0.026,0.026,0.026,0.026,0.026,0.026,0.026,0.026,0.026,0.026,0.026,0.026,0.026,0.026,0.026,0.026,0.026,0.026,0.026,0.026,0.026,0.026,0.026,0.026,0.026,0.026,0.026
0.026,0.026,0.026,0.026,0.026,0.026,0.026,0.026,0.026,0.026,0.026,0.026,0.026,0.026,0.026,0.026,0.026,0.026,0.026,0.026,0.026,0.026,0.026,0.026,0.026,0.026,0.026,0.026,0.026,0.026,0.026,0.026,0.026,0.026,0.026,0.026,0.026,0.026,0.026,0.026,0.026,0.026,0.026,0.026,0.026,0.026,0.026,0.026,0.026,0.026,0.026,0.026,0.026,0.026,0.026,0.026
0.027,0.027,0.027,0.027,0.027,0.027,0.027,0.027,0.027,0.027,0.027,0.027,0.027,0.027,0.027,0.027,0.027,0.027,0.027,0.027,0.027,0.027,0.027,0.027,0.027,0.027,0.027,0.027,0.027,0.027,0.027,0.027,0.027,0.027,0.027,0.027,0.027,0.027,0.027,0.027,0.027,0.027,0.027,0.027,0.027,0.027,0.027,0.027,0.027,0.027,0.027,0.027,0.027,0.027,0.027,0.027
0.029,0.029,0.029,0.029,0.029,0.029,0.029,0.029,0.029,0.029,0.029,0.029,0.029,0.029,0.029,0.029,0.029,0.029,0.029,0.029,0.029,0.029,0.029,0.029,0.029,0.029,0.029,0.029,0.029,0.029,0.029,0.029,0.029,0.029,0.029,0.029,0.029,0.029,0.029,0.029,0.029,0.029,0.029,0.029,0.029,0.029,0.029,0.029,0.029,0.029,0.029,0.029,0.029,0.029,0.029,0.029
0.027,0.027,0.027,0.027,0.027,0.027,0.027,0.027,0.027,0.027,0.027,0.027,0.027,0.027,0.027,0.027,0.027,0.027,0.027,0.027,0.027,0.027,0.027,0.027,0.027,0.027,0.027,0.027,0.027,0.027,0.027,0.027,0.027,0.027,0.027,0.027,0.027,0.027,0.027,0.027,0.027,0.027,0.027,0.027,0.027,0.027,0.027,0.027,0.027,0.027,0.027,0.027,0.027,0.027,0.027,0.027
0.032,0.032,0.032,0.032,0.032,0.032,0.032,0.032,0.032,0.032,0.032,0.032,0.032,0.032,0.032,0.032,0.032,0.032,0.032,0.032,0.032,0.032,0.032,0.032,0.032,0.032,0.032,0.032,0.032,0.032,0.032,0.032,0.032,0.032,0.032,0.032,0.032,0.032,0.032,0.032,0.032,0.032,0.032,0.032,0.032,0.032,0.032,0.032,0.032,0.032,0.032,0.032,0.032,0.032,0.032,0.032
0.025,0.025,0.025,0.025,0.025,0.025,0.025,0.025,0.025,0.025,0.025,0.025,0.025,0.025,0.025,0.025,0.025,0.025,0.025,0.025,0.025,0.025,0.025,0.025,0.025,0.025,0.025,0.025,0.025,0.025,0.025,0.025,0.025,0.025,0.025,0.025,0.025,0.025,0.025,0.025,0.025,0.025,0.025,0.025,0.025,0.025,0.025,0.025,0.025,0.025,0.025,0.025,0.025,0.025,0.025,0.025
0.064,0.064,0.064,0.064,0.064,0.064,0.064,0.064,0.064,0.064,0.064,0.064,0.064,0.064,0.064,0.064,0.064,0.064,0.064,0.064,0.064,0.064,0.064,0.064,0.064,0.064,0.064,0.064,0.064,0.064,0.064,0.064,0.064,0.064,0.064,0.064,0.064,0.064,0.064,0.064,0.064,0.064,0.064,0.064,0.064,0.064,0.064,0.064,0.064,0.064,0.064,0.064,0.064,0.064,0.064,0.064
0.027,0.027,0.027,0.027,0.027,0.027,0.027,0.027,0.027,0.027,0.027,0.027,0.027,0.027,0.027,0.027,0.027,0.027,0.027,0.027,0.027,0.027,0.027,0.027,0.027,0.027,0.027,0.027,0.027,0.027,0.027,0.027,0.027,0.027,0.027,0.027,0.027,0.027,0.027,0.027,0.027,0.027,0.027,0.027,0.027,0.027,0.027,0.027,0.027,0.027,0.027,0.027,0.027,0.027,0.027,0.027
0.029,0.029,0.029,0.029,0.029,0.029,0.029,0.029,0.029,0.029,0.029,0.029,0.029,0.029,0.029,0.029,0.029,0.029,0.029,0.029,0.029,0.029,0.029,0.029,0.029,0.029,0.029,0.029,0.029,0.029,0.029,0.029,0.029,0.029,0.029,0.029,0.029,0.029,0.029,0.029,0.029,0.029,0.029,0.029,0.029,0.029,0.029,0.029,0.029,0.029,0.029,0.029,0.029,0.029,0.029,0.029
0.029,0.029,0.029,0.029,0.029,0.029,0.029,0.029,0.029,0.029,0.029,0.029,0.029,0.029,0.029,0.029,0.029,0.029,0.029,0.029,0.029,0.029,0.029,0.029,0.029,0.029,0.029,0.029,0.029,0.029,0.029,0.029,0.029,0.029,0.029,0.029,0.029,0.029,0.029,0.029,0.029,0.029,0.029,0.029,0.029,0.029,0.029,0.029,0.029,0.029,0.029,0.029,0.029,0.029,0.029,0.029
0.026,0.026,0.026,0.026,0.026,0.026,0.026,0.026,0.026,0.026,0.026,0.026,0.026,0.026,0.026,0.026,0.026,0.026,0.026,0.026,0.026,0.026,0.026,0.026,0.026,0.026,0.026,0.026,0.026,0.026,0.026,0.026,0.026,0.026,0.026,0.026,0.026,0.026,0.026,0.026,0.026,0.026,0.026,0.026,0.026,0.026,0.026,0.026,0.026,0.026,0.026,0.026,0.026,0.026,0.026,0.026
0.029,0.029,0.029,0.029,0.029,0.029,0.029,0.029,0.029,0.029,0.029,0.029,0.029,0.029,0.029,0.029,0.029,0.029,0.029,0.029,0.029,0.029,0.029,0.029,0.029,0.029,0.029,0.029,0.029,0.029,0.029,0.029,0.029,0.029,0.029,0.029,0.029,0.029,0.029,0.029,0.029,0.029,0.029,0.029,0.029,0.029,0.029,0.029,0.029,0.029,0.029,0.029,0.029,0.029,0.029,0.029
0.023,0.023,0.023,0.023,0.023,0.023,0.023,0.023,0.023,0.023,0.023,0.023,0.023,0.023,0.023,0.023,0.023,0.023,0.023,0.023,0.023,0.023,0.023,0.023,0.023,0.023,0.023,0.023,0.023,0.023,0.023,0.023,0.023,0.023,0.023,0.023,0.023,0.023,0.023,0.023,0.023,0.023,0.023,0.023,0.023,0.023,0.023,0.023,0.023,0.023,0.023,0.023,0.023,0.023,0.023,0.023
0.060,0.060,0.060,0.060,0.060,0.060,0.060,0.060,0.060,0.060,0.060,0.060,0.060,0.060,0.060,0.060,0.060,0.060,0.060,0.060,0.060,0.060,0.060,0.060,0.060,0.060,0.060,0.060,0.060,0.060,0.060,0.060,0.060,0.060,0.060,0.060,0.060,0.060,0.060,0.060,0.060,0.060,0.060,0.060,0.060,0.060,0.060,0.060,0.060,0.060,0.060,0.060,0.060,0.060,0.060,0.060
0.030,0.030,0.030,0.030,0.030,0.030,0.030,0.030,0.030,0.030,0.030,0.030,0.030,0.030,0.030,0.030,0.030,0.030,0.030,0.030,0.030,0.030,0.030,0.030,0.030,0.030,0.030,0.030,0.030,0.030,0.030,0.030,0.030,0.030,0.030,0.030,0.030,0.030,0.030,0.030,0.030,0.030,0.030,0.030,0.030,0.030,0.030,0.030,0.030,0.030,0.030,0.030,0.030,0.030,0.030,0.030
0.027,0.027,0.027,0.027,0.027,0.027,0.027,0.027,0.027,0.027,0.027,0.027,0.027,0.027,0.027,0.027,0.027,0.027,0.027,0.027,0.027,0.027,0.027,0.027,0.027,0.027,0.027,0.027,0.027,0.027,0.027,0.027,0.027,0.027,0.027,0.027,0.027,0.027,0.027,0.027,0.027,0.027,0.027,0.027,0.027,0.027,0.027,0.027,0.027,0.027,0.027,0.027,0.027,0.027,0.027,0.027
0.027,0.027,0.027,0.027,0.027,0.027,0.027,0.027,0.027,0.027,0.027,0.027,0.027,0.027,0.027,0.027,0.027,0.027,0.027,0.027,0.027,0.027,0.027,0.027,0.027,0.027,0.027,0.027,0.027,0.027,0.027,0.027,0.027,0.027,0.027,0.027,0.027,0.027,0.027,0.027,0.027,0.027,0.027,0.027,0.027,0.027,0.027,0.027,0.027,0.027,0.027,0.027,0.027,0.027,0.027,0.027
0.029,0.029,0.029,0.029,0.029,0.029,0.029,0.029,0.029,0.029,0.029,0.029,0.029,0.029,0.029,0.029,0.029,0.029,0.029,0.029,0.029,0.029,0.029,0.029,0.029,0.029,0.029,0.029,0.029,0.029,0.029,0.029,0.029,0.029,0.029,0.029,0.029,0.029,0.029,0.029,0.029,0.029,0.029,0.029,0.029,0.029,0.029,0.029,0.029,0.029,0.029,0.029,0.029,0.029,0.029,0.029
0.039,0.039,0.039,0.039,0.039,0.039,0.039,0.039,0.039,0.039,0.039,0.039,0.039,0.039,0.039,0.039,0.039,0.039,0.039,0.039,0.039,0.039,0.039,0.039,0.039,0.039,0.039,0.039,0.039,0.039,0.039,0.039,0.039,0.039,0.039,0.039,0.039,0.039,0.039,0.039,0.039,0.039,0.039,0.039,0.039,0.039,0.039,0.039,0.039,0.039,0.039,0.039,0.039,0.039,0.039,0.039
0.070,0.070,0.070,0.070,0.070,0.070,0.070,0.070,0.070,0.070,0.070,0.070,0.070,0.070,0.070,0.070,0.070,0.070,0.070,0.070,0.070,0.070,0.070,0.070,0.070,0.070,0.070,0.070,0.070,0.070,0.070,0.070,0.070,0.070,0.070,0.070,0.070,0.070,0.070,0.070,0.070,0.070,0.070,0.070,0.070,0.070,0.070,0.070,0.070,0.070,0.070,0.070,0.070,0.070,0.070,0.070
0.030,0.030,0.030,0.030,0.030,0.030,0.030,0.030,0.030,0.030,0.030,0.030,0.030,0.030,0.030,0.030,0.030,0.030,0.030,0.030,0.030,0.030,0.030,0.030,0.030,0.030,0.030,0.030,0.030,0.030,0.030,0.030,0.030,0.030,0.030,0.030,0.030,0.030,0.030,0.030,0.030,0.030,0.030,0.030,0.030,0.030,0.030,0.030,0.030,0.030,0.030,0.030,0.030,0.030,0.030,0.030
0.065,0.065,0.065,0.065,0.065,0.065,0.065,0.065,0.065,0.065,0.065,0.065,0.065,0.065,0.065,0.065,0.065,0.065,0.065,0.065,0.065,0.065,0.065,0.065,0.065,0.065,0.065,0.065,0.065,0.065,0.065,0.065,0.065,0.065,0.065,0.065,0.065,0.065,0.065,0.065,0.065,0.065,0.065,0.065,0.065,0.065,0.065,0.065,0.065,0.065,0.065,0.065,0.065,0.065,0.065,0.065
0.028,0.028,0.028,0.028,0.028,0.028,0.028,0.028,0.028,0.028,0.028,0.028,0.028,0.028,0.028,0.028,0.028,0.028,0.028,0.028,0.028,0.028,0.028,0.028,0.028,0.028,0.028,0.028,0.028,0.028,0.028,0.028,0.028,0.028,0.028,0.028,0.028,0.028,0.028,0.028,0.028,0.028,0.028,0.028,0.028,0.028,0.028,0.028,0.028,0.028,0.028,0.028,0.028,0.028,0.028,0.028
0.048,0.048,0.048,0.048,0.048,0.048,0.048,0.048,0.048,0.048,0.048,0.048,0.048,0.048,0.048,0.048,0.048,0.048,0.048,0.048,0.048,0.048,0.048,0.048,0.048,0.048,0.048,0.048,0.048,0.048,0.048,0.048,0.048,0.048,0.048,0.048,0.048,0.048,0.048,0.048,0.048,0.048,0.048,0.048,0.048,0.048,0.048,0.048,0.048,0.048,0.048,0.048,0.048,0.048,0.048,0.048
0.027,0.027,0.027,0.027,0.027,0.027,0.027,0.027,0.027,0.027,0.027,0.027,0.027,0.027,0.027,0.027,0.027,0.027,0.027,0.027,0.027,0.027,0.027,0.027,0.027,0.027,0.027,0.027,0.027,0.027,0.027,0.027,0.027,0.027,0.027,0.027,0.027,0.027,0.027,0.027,0.027,0.027,0.027,0.027,0.027,0.027,0.027,0.027,0.027,0.027,0.027,0.027,0.027,0.027,0.027,0.027
0.072,0.072,0.072,0.072,0.072,0.072,0.072,0.072,0.072,0.072,0.072,0.072,0.072,0.072,0.072,0.072,0.072,0.072,0.072,0.072,0.072,0.072,0.072,0.072,0.072,0.072,0.072,0.072,0.072,0.072,0.072,0.072,0.072,0.072,0.072,0.072,0.072,0.072,0.072,0.072,0.072,0.072,0.072,0.072,0.072,0.072,0.072,0.072,0.072,0.072,0.072,0.072,0.072,0.072,0.072,0.072
0.036,0.036,0.036,0.036,0.036,0.036,0.036,0.036,0.036,0.036,0.036,0.036,0.036,0.036,0.036,0.036,0.036,0.036,0.036,0.036,0.036,0.036,0.036,0.036,0.036,0.036,0.036,0.036,0.036,0.036,0.036,0.036,0.036,0.036,0.036,0.036,0.036,0.036,0.036,0.036,0.036,0.036,0.036,0.036,0.036,0.036,0.036,0.036,0.036,0.036,0.036,0.036,0.036,0.036,0.036,0.036
0.039,0.039,0.039,0.039,0.039,0.039,0.039,0.039,0.039,0.039,0.039,0.039,0.039,0.039,0.039,0.039,0.039,0.039,0.039,0.039,0.039,0.039,0.039,0.039,0.039,0.039,0.039,0.039,0.039,0.039,0.039,0.039,0.039,0.039,0.039,0.039,0.039,0.039,0.039,0.039,0.039,0.039,0.039,0.039,0.039,0.039,0.039,0.039,0.039,0.039,0.039,0.039,0.039,0.039,0.039,0.039
0.073,0.073,0.073,0.073,0.073,0.073,0.073,0.073,0.073,0.073,0.073,0.073,0.073,0.073,0.073,0.073,0.073,0.073,0.073,0.073,0.073,0.073,0.073,0.073,0.073,0.073,0.073,0.073,0.073,0.073,0.073,0.073,0.073,0.073,0.073,0.073,0.073,0.073,0.073,0.073,0.073,0.073,0.073,0.073,0.073,0.073,0.073,0.073,0.073,0.073,0.073,0.073,0.073,0.073,0.073,0.073
