0.043,0.075,0.115,0.093,0.115,0.074,0.163,0.101,0.093,0.115,0.253,0.128,0.262,0.115,0.090,0.115,0.421,0.276,0.139,0.301,0.143,0.065,0.157,0.020,0.093,0.083,0.115,0.177,0.059,0.157,0.020,0.262,0.152,0.083,0.088,0.093,0.161,0.093,0.157,0.142,0.220,0.335,0.071,0.020,0.115,0.099,0.360,0.171,0.230,0.055,0.456,0.020,0.386,0.180,0.115,0.456,0.165,0.262,0.020
0.048,0.005,0.071,0.047,0.071,0.026,0.121,0.031,0.047,0.071,0.195,0.084,0.211,0.071,0.045,0.071,0.357,0.206,0.069,0.246,0.111,0.038,0.088,0.060,0.047,0.055,0.071,0.118,0.054,0.088,0.060,0.203,0.084,0.086,0.095,0.047,0.092,0.047,0.088,0.107,0.169,0.277,0.045,0.060,0.071,0.070,0.306,0.113,0.173,0.048,0.393,0.060,0.323,0.137,0.071,0.393,0.096,0.211,0.060
0.096,0.077,0.022,0.043,0.022,0.089,0.150,0.080,0.043,0.022,0.165,0.138,0.178,0.022,0.044,0.022,0.329,0.180,0.090,0.220,0.158,0.050,0.069,0.105,0.043,0.088,0.022,0.142,0.099,0.069,0.105,0.174,0.064,0.145,0.153,0.043,0.074,0.043,0.069,0.101,0.137,0.248,0.087,0.105,0.022,0.099,0.281,0.078,0.146,0.095,0.364,0.105,0.295,0.137,0.022,0.364,0.078,0.178,0.105
0.072,0.052,0.045,0.026,0.045,0.066,0.149,0.058,0.026,0.045,0.192,0.119,0.204,0.045,0.024,0.045,0.356,0.206,0.080,0.245,0.143,0.026,0.089,0.081,0.026,0.076,0.045,0.144,0.082,0.089,0.081,0.200,0.084,0.122,0.129,0.026,0.093,0.026,0.088,0.112,0.162,0.275,0.069,0.081,0.045,0.092,0.307,0.105,0.172,0.073,0.391,0.081,0.321,0.147,0.045,0.391,0.096,0.204,0.081
0.108,0.077,0.019,0.042,0.019,0.095,0.133,0.074,0.042,0.019,0.137,0.125,0.161,0.019,0.043,0.019,0.302,0.152,0.077,0.192,0.144,0.075,0.046,0.123,0.042,0.084,0.019,0.123,0.101,0.046,0.123,0.145,0.042,0.151,0.159,0.042,0.050,0.042,0.046,0.089,0.118,0.220,0.091,0.123,0.019,0.093,0.257,0.056,0.118,0.103,0.336,0.123,0.267,0.115,0.019,0.336,0.054,0.161,0.123
0.045,0.024,0.081,0.058,0.081,0.011,0.123,0.040,0.058,0.081,0.202,0.084,0.224,0.081,0.056,0.081,0.365,0.214,0.077,0.254,0.112,0.038,0.096,0.054,0.058,0.066,0.081,0.122,0.059,0.096,0.054,0.210,0.092,0.070,0.082,0.058,0.100,0.058,0.096,0.121,0.184,0.284,0.047,0.054,0.081,0.078,0.314,0.125,0.181,0.049,0.400,0.054,0.331,0.144,0.081,0.400,0.103,0.224,0.054
0.127,0.121,0.136,0.129,0.136,0.117,0.005,0.099,0.129,0.136,0.128,0.064,0.187,0.136,0.131,0.136,0.259,0.122,0.073,0.157,0.054,0.149,0.090,0.156,0.129,0.106,0.136,0.021,0.115,0.090,0.156,0.144,0.094,0.166,0.176,0.129,0.086,0.129,0.090,0.097,0.173,0.181,0.109,0.156,0.136,0.088,0.221,0.118,0.123,0.118,0.295,0.156,0.225,0.073,0.136,0.295,0.083,0.187,0.156
0.060,0.028,0.064,0.042,0.064,0.041,0.101,0.011,0.042,0.064,0.163,0.074,0.186,0.064,0.041,0.064,0.325,0.175,0.038,0.215,0.097,0.052,0.057,0.090,0.042,0.046,0.064,0.097,0.057,0.057,0.090,0.171,0.053,0.109,0.121,0.042,0.061,0.042,0.057,0.088,0.146,0.245,0.044,0.090,0.064,0.052,0.276,0.086,0.142,0.051,0.361,0.090,0.291,0.110,0.064,0.361,0.064,0.186,0.090
0.164,0.133,0.092,0.115,0.092,0.137,0.112,0.106,0.115,0.092,0.071,0.118,0.129,0.092,0.119,0.092,0.231,0.080,0.079,0.121,0.125,0.153,0.058,0.194,0.115,0.128,0.092,0.098,0.152,0.058,0.194,0.086,0.058,0.202,0.212,0.115,0.059,0.115,0.058,0.082,0.093,0.142,0.137,0.194,0.092,0.120,0.197,0.045,0.063,0.152,0.257,0.194,0.188,0.079,0.092,0.257,0.059,0.129,0.194
0.094,0.073,0.031,0.045,0.031,0.076,0.136,0.077,0.045,0.031,0.150,0.119,0.193,0.031,0.047,0.031,0.318,0.166,0.083,0.206,0.138,0.068,0.063,0.104,0.045,0.091,0.031,0.127,0.102,0.063,0.104,0.161,0.058,0.122,0.128,0.045,0.068,0.045,0.063,0.113,0.151,0.233,0.085,0.104,0.031,0.100,0.277,0.088,0.136,0.094,0.349,0.104,0.279,0.127,0.031,0.349,0.071,0.193,0.104
0.220,0.197,0.155,0.179,0.155,0.200,0.136,0.170,0.179,0.155,0.009,0.161,0.076,0.155,0.183,0.155,0.185,0.060,0.133,0.059,0.160,0.217,0.114,0.251,0.179,0.178,0.155,0.118,0.208,0.114,0.251,0.022,0.118,0.264,0.275,0.179,0.110,0.179,0.114,0.121,0.065,0.083,0.194,0.251,0.155,0.163,0.141,0.095,0.034,0.207,0.208,0.251,0.153,0.082,0.155,0.208,0.107,0.076,0.251
0.086,0.063,0.116,0.092,0.116,0.054,0.098,0.068,0.092,0.116,0.189,0.047,0.244,0.116,0.092,0.116,0.343,0.200,0.083,0.233,0.068,0.092,0.102,0.098,0.092,0.087,0.116,0.110,0.079,0.102,0.098,0.202,0.102,0.081,0.091,0.092,0.105,0.092,0.102,0.141,0.210,0.261,0.077,0.098,0.116,0.087,0.306,0.143,0.175,0.082,0.377,0.098,0.307,0.136,0.116,0.377,0.108,0.244,0.098
0.221,0.207,0.175,0.200,0.175,0.225,0.195,0.192,0.200,0.175,0.087,0.219,0.014,0.175,0.202,0.175,0.173,0.101,0.168,0.095,0.224,0.222,0.148,0.244,0.200,0.183,0.175,0.179,0.213,0.149,0.244,0.071,0.151,0.288,0.299,0.200,0.146,0.200,0.149,0.116,0.045,0.113,0.201,0.244,0.175,0.182,0.121,0.107,0.094,0.212,0.208,0.244,0.175,0.140,0.175,0.208,0.145,0.014,0.244
0.081,0.065,0.048,0.036,0.048,0.077,0.155,0.075,0.036,0.048,0.196,0.134,0.205,0.048,0.036,0.048,0.360,0.210,0.088,0.248,0.156,0.034,0.092,0.080,0.036,0.079,0.048,0.150,0.091,0.092,0.080,0.205,0.088,0.127,0.134,0.036,0.097,0.036,0.092,0.110,0.164,0.279,0.075,0.080,0.048,0.097,0.309,0.109,0.175,0.083,0.395,0.080,0.325,0.151,0.048,0.395,0.100,0.205,0.080
0.065,0.047,0.051,0.028,0.051,0.060,0.148,0.057,0.028,0.051,0.199,0.117,0.211,0.051,0.024,0.051,0.363,0.214,0.081,0.251,0.142,0.019,0.096,0.072,0.028,0.076,0.051,0.144,0.080,0.096,0.072,0.208,0.091,0.114,0.122,0.028,0.100,0.028,0.096,0.113,0.169,0.282,0.065,0.072,0.051,0.091,0.314,0.112,0.178,0.069,0.398,0.072,0.328,0.149,0.051,0.398,0.104,0.211,0.072
0.095,0.076,0.024,0.044,0.024,0.090,0.152,0.082,0.044,0.024,0.170,0.140,0.182,0.024,0.044,0.024,0.334,0.185,0.092,0.223,0.160,0.049,0.073,0.102,0.044,0.088,0.024,0.145,0.099,0.073,0.102,0.179,0.068,0.144,0.152,0.044,0.078,0.044,0.073,0.102,0.141,0.253,0.087,0.102,0.024,0.101,0.285,0.083,0.150,0.095,0.369,0.102,0.299,0.139,0.024,0.369,0.082,0.182,0.102
0.396,0.372,0.332,0.357,0.332,0.375,0.283,0.345,0.357,0.332,0.204,0.321,0.181,0.332,0.360,0.332,0.019,0.173,0.307,0.157,0.313,0.393,0.288,0.427,0.357,0.358,0.332,0.270,0.384,0.288,0.427,0.196,0.292,0.439,0.450,0.357,0.284,0.357,0.288,0.299,0.222,0.132,0.369,0.427,0.332,0.344,0.080,0.271,0.225,0.384,0.045,0.427,0.087,0.267,0.332,0.045,0.281,0.181,0.427
0.227,0.197,0.158,0.181,0.158,0.200,0.118,0.170,0.181,0.158,0.061,0.155,0.100,0.158,0.185,0.158,0.163,0.012,0.132,0.066,0.150,0.218,0.113,0.258,0.181,0.189,0.158,0.098,0.216,0.114,0.258,0.072,0.118,0.265,0.276,0.181,0.109,0.181,0.114,0.130,0.102,0.079,0.201,0.258,0.158,0.175,0.130,0.101,0.065,0.215,0.194,0.258,0.129,0.099,0.158,0.194,0.106,0.100,0.258
0.113,0.082,0.077,0.071,0.077,0.085,0.068,0.055,0.071,0.077,0.112,0.075,0.154,0.077,0.073,0.077,0.273,0.121,0.017,0.163,0.085,0.105,0.035,0.143,0.071,0.076,0.077,0.058,0.102,0.035,0.143,0.120,0.039,0.154,0.165,0.071,0.031,0.071,0.035,0.067,0.123,0.193,0.087,0.143,0.077,0.063,0.227,0.062,0.094,0.101,0.309,0.143,0.239,0.070,0.077,0.309,0.029,0.154,0.143
0.334,0.311,0.269,0.293,0.269,0.314,0.222,0.284,0.293,0.269,0.125,0.257,0.114,0.269,0.297,0.269,0.083,0.109,0.246,0.077,0.247,0.331,0.227,0.365,0.293,0.294,0.269,0.209,0.322,0.227,0.365,0.116,0.231,0.378,0.388,0.293,0.223,0.293,0.227,0.235,0.157,0.046,0.307,0.365,0.269,0.277,0.063,0.208,0.149,0.321,0.104,0.365,0.088,0.196,0.269,0.104,0.220,0.114,0.365
0.081,0.076,0.126,0.102,0.126,0.066,0.105,0.080,0.102,0.126,0.201,0.054,0.257,0.126,0.101,0.126,0.357,0.213,0.096,0.243,0.065,0.104,0.113,0.092,0.102,0.089,0.126,0.119,0.073,0.113,0.092,0.213,0.113,0.067,0.077,0.102,0.118,0.102,0.113,0.146,0.223,0.273,0.077,0.092,0.126,0.087,0.320,0.155,0.186,0.078,0.389,0.092,0.319,0.139,0.126,0.389,0.121,0.257,0.092
0.062,0.040,0.078,0.054,0.078,0.044,0.151,0.066,0.054,0.078,0.226,0.112,0.236,0.078,0.050,0.078,0.390,0.240,0.104,0.276,0.139,0.017,0.123,0.050,0.054,0.082,0.078,0.150,0.077,0.122,0.050,0.234,0.118,0.090,0.098,0.054,0.127,0.054,0.122,0.129,0.195,0.308,0.068,0.050,0.078,0.098,0.340,0.139,0.204,0.070,0.424,0.050,0.354,0.166,0.078,0.424,0.130,0.236,0.050
0.244,0.213,0.175,0.198,0.175,0.216,0.134,0.186,0.198,0.175,0.058,0.171,0.090,0.175,0.202,0.175,0.146,0.022,0.148,0.060,0.167,0.235,0.129,0.274,0.198,0.206,0.175,0.114,0.232,0.130,0.274,0.062,0.134,0.282,0.293,0.198,0.126,0.198,0.130,0.146,0.091,0.069,0.217,0.274,0.175,0.192,0.115,0.117,0.074,0.232,0.178,0.274,0.125,0.116,0.175,0.178,0.122,0.090,0.274
0.027,0.060,0.108,0.086,0.108,0.060,0.146,0.084,0.086,0.108,0.238,0.109,0.246,0.108,0.083,0.108,0.403,0.258,0.122,0.286,0.120,0.063,0.140,0.016,0.086,0.068,0.108,0.159,0.038,0.139,0.016,0.247,0.135,0.074,0.081,0.086,0.144,0.086,0.139,0.125,0.204,0.320,0.054,0.016,0.108,0.083,0.345,0.154,0.215,0.040,0.439,0.016,0.370,0.165,0.108,0.439,0.147,0.246,0.016
0.075,0.043,0.036,0.013,0.036,0.062,0.117,0.037,0.013,0.036,0.164,0.087,0.193,0.036,0.015,0.036,0.330,0.180,0.049,0.216,0.110,0.047,0.064,0.092,0.013,0.058,0.036,0.112,0.071,0.064,0.092,0.172,0.059,0.118,0.126,0.013,0.068,0.013,0.063,0.097,0.150,0.247,0.061,0.092,0.036,0.068,0.285,0.086,0.144,0.070,0.363,0.092,0.293,0.118,0.036,0.363,0.071,0.193,0.092
0.033,0.055,0.089,0.068,0.089,0.059,0.143,0.074,0.068,0.089,0.221,0.110,0.231,0.089,0.065,0.089,0.391,0.246,0.109,0.268,0.131,0.045,0.127,0.028,0.068,0.052,0.089,0.148,0.056,0.127,0.028,0.230,0.123,0.090,0.098,0.068,0.132,0.068,0.127,0.112,0.189,0.303,0.044,0.028,0.089,0.074,0.330,0.141,0.197,0.039,0.426,0.028,0.356,0.149,0.089,0.426,0.135,0.231,0.028
0.102,0.082,0.033,0.055,0.033,0.083,0.133,0.081,0.055,0.033,0.133,0.120,0.180,0.033,0.057,0.033,0.301,0.149,0.085,0.190,0.137,0.081,0.060,0.121,0.055,0.096,0.033,0.124,0.108,0.059,0.121,0.146,0.055,0.131,0.139,0.055,0.064,0.055,0.059,0.112,0.139,0.215,0.090,0.121,0.033,0.103,0.261,0.076,0.122,0.100,0.331,0.121,0.262,0.122,0.033,0.331,0.067,0.180,0.121
0.132,0.115,0.127,0.121,0.127,0.110,0.022,0.092,0.121,0.127,0.117,0.069,0.175,0.127,0.123,0.127,0.254,0.107,0.065,0.146,0.065,0.142,0.081,0.162,0.121,0.104,0.127,0.004,0.121,0.081,0.162,0.131,0.085,0.171,0.182,0.121,0.077,0.121,0.081,0.090,0.162,0.173,0.108,0.162,0.127,0.088,0.213,0.108,0.111,0.121,0.289,0.162,0.218,0.064,0.127,0.289,0.073,0.175,0.162
0.025,0.051,0.078,0.061,0.078,0.053,0.110,0.053,0.061,0.078,0.194,0.082,0.209,0.078,0.061,0.078,0.361,0.218,0.081,0.241,0.096,0.067,0.099,0.053,0.061,0.035,0.078,0.119,0.016,0.099,0.053,0.202,0.094,0.085,0.094,0.061,0.103,0.061,0.098,0.096,0.168,0.276,0.023,0.053,0.078,0.042,0.306,0.115,0.170,0.021,0.396,0.053,0.326,0.120,0.078,0.396,0.107,0.209,0.053
0.085,0.054,0.037,0.050,0.037,0.065,0.107,0.040,0.050,0.037,0.138,0.100,0.161,0.037,0.053,0.037,0.300,0.149,0.048,0.190,0.119,0.077,0.031,0.116,0.050,0.058,0.037,0.099,0.077,0.031,0.116,0.146,0.027,0.134,0.145,0.050,0.035,0.050,0.031,0.073,0.121,0.220,0.065,0.116,0.037,0.063,0.250,0.061,0.117,0.076,0.336,0.116,0.266,0.097,0.037,0.336,0.038,0.161,0.116
0.043,0.070,0.112,0.090,0.112,0.069,0.158,0.097,0.090,0.112,0.250,0.123,0.259,0.112,0.087,0.112,0.417,0.271,0.135,0.298,0.136,0.060,0.153,0.018,0.090,0.080,0.112,0.172,0.060,0.152,0.018,0.259,0.148,0.082,0.088,0.090,0.157,0.090,0.152,0.139,0.217,0.332,0.068,0.018,0.112,0.097,0.357,0.167,0.227,0.054,0.453,0.018,0.383,0.177,0.112,0.453,0.160,0.259,0.018
0.221,0.199,0.158,0.182,0.158,0.203,0.162,0.172,0.182,0.158,0.039,0.180,0.052,0.158,0.186,0.158,0.179,0.084,0.137,0.075,0.185,0.219,0.117,0.253,0.182,0.180,0.158,0.145,0.210,0.117,0.253,0.022,0.121,0.266,0.276,0.182,0.114,0.182,0.117,0.122,0.045,0.102,0.195,0.253,0.158,0.165,0.135,0.096,0.046,0.209,0.208,0.253,0.172,0.096,0.158,0.208,0.112,0.052,0.253
0.066,0.048,0.040,0.038,0.040,0.050,0.122,0.047,0.038,0.040,0.163,0.108,0.184,0.040,0.039,0.040,0.325,0.175,0.058,0.215,0.128,0.054,0.057,0.090,0.038,0.060,0.040,0.115,0.072,0.057,0.090,0.171,0.053,0.110,0.121,0.038,0.061,0.038,0.056,0.092,0.144,0.245,0.056,0.090,0.040,0.071,0.275,0.086,0.142,0.063,0.361,0.090,0.291,0.118,0.040,0.361,0.064,0.184,0.090
0.086,0.089,0.139,0.115,0.139,0.075,0.124,0.093,0.115,0.139,0.219,0.083,0.272,0.139,0.115,0.139,0.382,0.234,0.111,0.267,0.092,0.115,0.129,0.094,0.115,0.100,0.139,0.135,0.078,0.128,0.094,0.229,0.126,0.041,0.050,0.115,0.133,0.115,0.128,0.159,0.237,0.300,0.087,0.094,0.139,0.097,0.341,0.170,0.203,0.085,0.416,0.094,0.346,0.154,0.139,0.416,0.136,0.272,0.094
0.085,0.089,0.139,0.115,0.139,0.075,0.125,0.095,0.115,0.139,0.223,0.085,0.274,0.139,0.114,0.139,0.385,0.238,0.115,0.270,0.095,0.115,0.133,0.093,0.115,0.102,0.139,0.140,0.077,0.133,0.093,0.234,0.128,0.041,0.047,0.115,0.137,0.115,0.133,0.162,0.238,0.303,0.086,0.093,0.139,0.099,0.342,0.173,0.208,0.084,0.419,0.093,0.349,0.158,0.139,0.419,0.141,0.274,0.093
0.082,0.062,0.041,0.036,0.041,0.064,0.121,0.065,0.036,0.041,0.159,0.105,0.204,0.041,0.038,0.041,0.327,0.176,0.072,0.213,0.123,0.058,0.070,0.094,0.036,0.077,0.041,0.114,0.089,0.070,0.094,0.171,0.065,0.110,0.116,0.036,0.074,0.036,0.069,0.107,0.162,0.241,0.071,0.094,0.041,0.086,0.286,0.098,0.144,0.081,0.357,0.094,0.287,0.118,0.041,0.357,0.077,0.204,0.094
0.071,0.039,0.034,0.036,0.034,0.062,0.117,0.045,0.036,0.034,0.157,0.107,0.173,0.034,0.038,0.034,0.319,0.169,0.055,0.210,0.126,0.062,0.051,0.096,0.036,0.054,0.034,0.110,0.068,0.050,0.096,0.165,0.046,0.122,0.131,0.036,0.055,0.036,0.050,0.081,0.132,0.239,0.056,0.096,0.034,0.066,0.268,0.076,0.136,0.065,0.355,0.096,0.285,0.113,0.034,0.355,0.058,0.173,0.096
0.066,0.045,0.062,0.038,0.062,0.044,0.122,0.049,0.038,0.062,0.176,0.090,0.223,0.062,0.037,0.062,0.344,0.192,0.071,0.230,0.112,0.041,0.088,0.078,0.038,0.078,0.062,0.117,0.081,0.088,0.078,0.188,0.084,0.089,0.096,0.038,0.092,0.038,0.088,0.127,0.182,0.258,0.063,0.078,0.062,0.087,0.304,0.117,0.162,0.067,0.374,0.078,0.304,0.136,0.062,0.374,0.096,0.223,0.078
0.144,0.113,0.077,0.099,0.077,0.116,0.092,0.086,0.099,0.077,0.080,0.105,0.123,0.077,0.103,0.077,0.241,0.090,0.048,0.132,0.116,0.136,0.030,0.174,0.099,0.107,0.077,0.077,0.133,0.030,0.174,0.088,0.035,0.185,0.196,0.099,0.026,0.099,0.031,0.065,0.092,0.161,0.118,0.174,0.077,0.094,0.196,0.032,0.063,0.132,0.277,0.174,0.208,0.066,0.077,0.277,0.023,0.123,0.174
0.265,0.242,0.200,0.224,0.200,0.246,0.185,0.215,0.224,0.200,0.059,0.210,0.046,0.200,0.228,0.200,0.143,0.080,0.179,0.051,0.211,0.262,0.160,0.297,0.224,0.223,0.200,0.166,0.254,0.160,0.297,0.049,0.163,0.310,0.320,0.224,0.157,0.224,0.160,0.166,0.087,0.071,0.239,0.297,0.200,0.209,0.103,0.140,0.078,0.253,0.169,0.297,0.144,0.129,0.200,0.169,0.155,0.046,0.297
0.189,0.174,0.140,0.165,0.140,0.194,0.181,0.162,0.165,0.140,0.074,0.197,0.040,0.140,0.167,0.140,0.201,0.101,0.143,0.106,0.206,0.189,0.122,0.215,0.165,0.155,0.140,0.167,0.181,0.122,0.215,0.061,0.123,0.256,0.266,0.165,0.121,0.165,0.122,0.096,0.010,0.132,0.172,0.215,0.140,0.156,0.149,0.078,0.080,0.182,0.237,0.215,0.195,0.127,0.140,0.237,0.121,0.040,0.215
0.308,0.286,0.244,0.268,0.244,0.289,0.196,0.259,0.268,0.244,0.097,0.232,0.110,0.244,0.272,0.244,0.109,0.084,0.221,0.051,0.222,0.306,0.202,0.340,0.268,0.266,0.244,0.183,0.297,0.202,0.340,0.100,0.206,0.353,0.363,0.268,0.198,0.268,0.202,0.209,0.140,0.014,0.282,0.340,0.244,0.251,0.088,0.183,0.121,0.295,0.126,0.340,0.076,0.169,0.244,0.126,0.194,0.110,0.340
0.051,0.063,0.097,0.074,0.097,0.064,0.152,0.083,0.074,0.097,0.242,0.118,0.249,0.097,0.070,0.097,0.404,0.258,0.121,0.291,0.141,0.044,0.139,0.037,0.074,0.080,0.097,0.160,0.072,0.139,0.037,0.251,0.135,0.098,0.106,0.074,0.143,0.074,0.139,0.133,0.207,0.325,0.064,0.037,0.097,0.100,0.349,0.155,0.220,0.059,0.442,0.037,0.372,0.175,0.097,0.442,0.147,0.249,0.037
0.026,0.053,0.092,0.071,0.092,0.056,0.134,0.072,0.071,0.092,0.222,0.099,0.230,0.092,0.068,0.092,0.391,0.246,0.109,0.270,0.111,0.052,0.127,0.024,0.071,0.059,0.092,0.147,0.035,0.127,0.024,0.230,0.123,0.072,0.079,0.071,0.132,0.071,0.127,0.114,0.189,0.304,0.044,0.024,0.092,0.070,0.334,0.140,0.199,0.036,0.424,0.024,0.354,0.149,0.092,0.424,0.135,0.230,0.024
0.180,0.150,0.109,0.132,0.109,0.153,0.128,0.123,0.132,0.109,0.060,0.133,0.113,0.109,0.136,0.109,0.214,0.077,0.095,0.111,0.141,0.170,0.074,0.210,0.132,0.145,0.109,0.114,0.169,0.074,0.210,0.069,0.074,0.218,0.228,0.132,0.075,0.132,0.074,0.098,0.077,0.128,0.153,0.210,0.109,0.136,0.181,0.056,0.062,0.168,0.240,0.210,0.184,0.093,0.109,0.240,0.075,0.113,0.210
0.034,0.061,0.092,0.071,0.092,0.066,0.146,0.077,0.071,0.092,0.231,0.118,0.239,0.092,0.068,0.092,0.394,0.248,0.111,0.278,0.135,0.050,0.129,0.029,0.071,0.061,0.092,0.151,0.057,0.129,0.029,0.240,0.125,0.091,0.098,0.071,0.133,0.071,0.129,0.118,0.197,0.313,0.049,0.029,0.092,0.078,0.337,0.145,0.208,0.040,0.432,0.029,0.362,0.158,0.092,0.432,0.137,0.239,0.029
0.329,0.311,0.278,0.302,0.278,0.317,0.233,0.286,0.302,0.278,0.151,0.278,0.120,0.278,0.306,0.278,0.056,0.128,0.251,0.105,0.274,0.335,0.232,0.361,0.302,0.289,0.278,0.220,0.319,0.232,0.361,0.141,0.236,0.383,0.393,0.302,0.228,0.302,0.232,0.233,0.159,0.096,0.302,0.361,0.278,0.279,0.010,0.213,0.167,0.316,0.093,0.361,0.111,0.207,0.278,0.093,0.225,0.120,0.361
0.295,0.272,0.230,0.254,0.230,0.275,0.201,0.245,0.254,0.230,0.086,0.225,0.075,0.230,0.258,0.230,0.112,0.091,0.207,0.053,0.223,0.292,0.188,0.327,0.254,0.254,0.230,0.183,0.283,0.188,0.327,0.077,0.192,0.339,0.349,0.254,0.184,0.254,0.188,0.196,0.117,0.055,0.269,0.327,0.230,0.238,0.081,0.169,0.110,0.283,0.138,0.327,0.122,0.157,0.230,0.138,0.181,0.075,0.327
0.214,0.192,0.151,0.175,0.151,0.195,0.135,0.165,0.175,0.151,0.024,0.159,0.074,0.151,0.179,0.151,0.186,0.055,0.128,0.064,0.162,0.212,0.109,0.246,0.175,0.172,0.151,0.116,0.202,0.109,0.246,0.026,0.113,0.259,0.270,0.175,0.105,0.175,0.109,0.115,0.069,0.090,0.188,0.246,0.151,0.157,0.139,0.089,0.025,0.201,0.214,0.246,0.157,0.075,0.151,0.214,0.102,0.074,0.246
0.024,0.054,0.085,0.064,0.085,0.059,0.132,0.069,0.064,0.085,0.224,0.105,0.233,0.085,0.061,0.085,0.387,0.241,0.104,0.273,0.121,0.050,0.122,0.029,0.064,0.057,0.085,0.142,0.046,0.122,0.029,0.233,0.118,0.086,0.094,0.064,0.126,0.064,0.122,0.115,0.191,0.307,0.041,0.029,0.085,0.074,0.331,0.139,0.202,0.031,0.425,0.029,0.355,0.153,0.085,0.425,0.129,0.233,0.029
0.438,0.412,0.370,0.394,0.370,0.415,0.323,0.385,0.394,0.370,0.231,0.358,0.218,0.370,0.398,0.370,0.062,0.210,0.347,0.185,0.348,0.432,0.328,0.469,0.394,0.399,0.370,0.310,0.426,0.328,0.469,0.223,0.332,0.479,0.489,0.394,0.324,0.394,0.328,0.339,0.261,0.152,0.411,0.469,0.370,0.383,0.122,0.311,0.256,0.426,0.036,0.469,0.094,0.302,0.370,0.036,0.321,0.218,0.469
0.103,0.093,0.087,0.093,0.087,0.100,0.065,0.072,0.093,0.087,0.114,0.085,0.138,0.087,0.095,0.087,0.277,0.133,0.048,0.163,0.088,0.116,0.053,0.134,0.093,0.065,0.087,0.061,0.092,0.053,0.134,0.124,0.055,0.160,0.171,0.093,0.051,0.093,0.053,0.044,0.119,0.196,0.075,0.134,0.087,0.055,0.222,0.070,0.091,0.091,0.315,0.134,0.245,0.049,0.087,0.315,0.050,0.138,0.134
0.445,0.419,0.377,0.401,0.377,0.423,0.330,0.392,0.401,0.377,0.237,0.366,0.224,0.377,0.405,0.377,0.069,0.217,0.354,0.190,0.355,0.439,0.335,0.475,0.401,0.405,0.377,0.317,0.433,0.335,0.475,0.229,0.339,0.487,0.497,0.401,0.331,0.401,0.336,0.345,0.267,0.155,0.418,0.475,0.377,0.389,0.128,0.318,0.262,0.433,0.031,0.475,0.101,0.308,0.377,0.031,0.328,0.224,0.475
0.052,0.076,0.090,0.085,0.090,0.077,0.094,0.066,0.085,0.090,0.172,0.090,0.196,0.090,0.085,0.090,0.347,0.202,0.079,0.221,0.098,0.098,0.084,0.079,0.085,0.045,0.090,0.103,0.039,0.084,0.079,0.181,0.081,0.109,0.117,0.085,0.088,0.085,0.084,0.085,0.158,0.255,0.046,0.079,0.090,0.036,0.289,0.102,0.149,0.045,0.378,0.079,0.308,0.101,0.090,0.378,0.091,0.196,0.079
0.376,0.353,0.311,0.335,0.311,0.356,0.263,0.326,0.335,0.311,0.167,0.299,0.156,0.311,0.339,0.311,0.064,0.151,0.288,0.119,0.289,0.373,0.269,0.408,0.335,0.336,0.311,0.250,0.365,0.269,0.408,0.158,0.273,0.420,0.430,0.335,0.265,0.335,0.269,0.277,0.199,0.084,0.350,0.408,0.311,0.320,0.082,0.250,0.192,0.364,0.073,0.408,0.083,0.239,0.311,0.073,0.261,0.156,0.408
0.442,0.416,0.374,0.398,0.374,0.419,0.327,0.389,0.398,0.374,0.233,0.362,0.221,0.374,0.402,0.374,0.066,0.214,0.351,0.186,0.352,0.436,0.332,0.472,0.398,0.402,0.374,0.314,0.429,0.332,0.472,0.225,0.336,0.483,0.493,0.398,0.328,0.398,0.332,0.342,0.264,0.151,0.415,0.472,0.374,0.385,0.125,0.314,0.258,0.429,0.028,0.472,0.098,0.304,0.374,0.028,0.325,0.221,0.472
0.393,0.370,0.328,0.352,0.328,0.373,0.280,0.343,0.352,0.328,0.184,0.316,0.173,0.328,0.356,0.328,0.049,0.168,0.305,0.136,0.306,0.390,0.286,0.424,0.352,0.353,0.328,0.267,0.381,0.286,0.424,0.175,0.290,0.437,0.447,0.352,0.282,0.352,0.286,0.294,0.215,0.101,0.367,0.424,0.328,0.336,0.088,0.267,0.208,0.381,0.059,0.424,0.075,0.255,0.328,0.059,0.278,0.173,0.424
0.251,0.229,0.190,0.215,0.190,0.236,0.195,0.205,0.215,0.190,0.077,0.221,0.032,0.190,0.218,0.190,0.147,0.093,0.175,0.073,0.224,0.249,0.155,0.283,0.215,0.211,0.190,0.176,0.239,0.156,0.283,0.064,0.158,0.298,0.308,0.215,0.153,0.215,0.156,0.152,0.074,0.092,0.225,0.283,0.190,0.195,0.106,0.126,0.087,0.239,0.179,0.283,0.159,0.131,0.190,0.179,0.151,0.032,0.283
0.076,0.102,0.143,0.120,0.143,0.099,0.191,0.129,0.120,0.143,0.288,0.154,0.296,0.143,0.116,0.143,0.450,0.304,0.167,0.336,0.164,0.085,0.185,0.044,0.120,0.118,0.143,0.204,0.088,0.185,0.044,0.297,0.181,0.079,0.084,0.120,0.189,0.120,0.185,0.175,0.253,0.370,0.103,0.044,0.143,0.133,0.395,0.202,0.266,0.089,0.488,0.044,0.418,0.215,0.143,0.488,0.193,0.296,0.044
