0.028,0.028,0.028,0.028,0.028,0.028,0.028,0.028,0.028,0.028,0.028,0.028,0.028,0.028,0.028,0.028,0.028,0.028,0.028,0.028,0.028,0.028,0.028,0.028,0.028,0.028,0.028,0.028,0.028,0.028
0.077,0.077,0.077,0.077,0.077,0.077,0.077,0.077,0.077,0.077,0.077,0.077,0.077,0.077,0.077,0.077,0.077,0.077,0.077,0.077,0.077,0.077,0.077,0.077,0.077,0.077,0.077,0.077,0.077,0.077
0.037,0.037,0.037,0.037,0.037,0.037,0.037,0.037,0.037,0.037,0.037,0.037,0.037,0.037,0.037,0.037,0.037,0.037,0.037,0.037,0.037,0.037,0.037,0.037,0.037,0.037,0.037,0.037,0.037,0.037
0.037,0.037,0.037,0.037,0.037,0.037,0.037,0.037,0.037,0.037,0.037,0.037,0.037,0.037,0.037,0.037,0.037,0.037,0.037,0.037,0.037,0.037,0.037,0.037,0.037,0.037,0.037,0.037,0.037,0.037
0.092,0.092,0.092,0.092,0.092,0.092,0.092,0.092,0.092,0.092,0.092,0.092,0.092,0.092,0.092,0.092,0.092,0.092,0.092,0.092,0.092,0.092,0.092,0.092,0.092,0.092,0.092,0.092,0.092,0.092
0.028,0.028,0.028,0.028,0.028,0.028,0.028,0.028,0.028,0.028,0.028,0.028,0.028,0.028,0.028,0.028,0.028,0.028,0.028,0.028,0.028,0.028,0.028,0.028,0.028,0.028,0.028,0.028,0.028,0.028
0.024,0.024,0.024,0.024,0.024,0.024,0.024,0.024,0.024,0.024,0.024,0.024,0.024,0.024,0.024,0.024,0.024,0.024,0.024,0.024,0.024,0.024,0.024,0.024,0.024,0.024,0.024,0.024,0.024,0.024
0.042,0.042,0.042,0.042,0.042,0.042,0.042,0.042,0.042,0.042,0.042,0.042,0.042,0.042,0.042,0.042,0.042,0.042,0.042,0.042,0.042,0.042,0.042,0.042,0.042,0.042,0.042,0.042,0.042,0.042
0.038,0.038,0.038,0.038,0.038,0.038,0.038,0.038,0.038,0.038,0.038,0.038,0.038,0.038,0.038,0.038,0.038,0.038,0.038,0.038,0.038,0.038,0.038,0.038,0.038,0.038,0.038,0.038,0.038,0.038
0.015,0.015,0.015,0.015,0.015,0.015,0.015,0.015,0.015,0.015,0.015,0.015,0.015,0.015,0.015,0.015,0.015,0.015,0.015,0.015,0.015,0.015,0.015,0.015,0.015,0.015,0.015,0.015,0.015,0.015
0.038,0.038,0.038,0.038,0.038,0.038,0.038,0.038,0.038,0.038,0.038,0.038,0.038,0.038,0.038,0.038,0.038,0.038,0.038,0.038,0.038,0.038,0.038,0.038,0.038,0.038,0.038,0.038,0.038,0.038
0.053,0.053,0.053,0.053,0.053,0.053,0.053,0.053,0.053,0.053,0.053,0.053,0.053,0.053,0.053,0.053,0.053,0.053,0.053,0.053,0.053,0.053,0.053,0.053,0.053,0.053,0.053,0.053,0.053,0.053
0.037,0.037,0.037,0.037,0.037,0.037,0.037,0.037,0.037,0.037,0.037,0.037,0.037,0.037,0.037,0.037,0.037,0.037,0.037,0.037,0.037,0.037,0.037,0.037,0.037,0.037,0.037,0.037,0.037,0.037
0.033,0.033,0.033,0.033,0.033,0.033,0.033,0.033,0.033,0.033,0.033,0.033,0.033,0.033,0.033,0.033,0.033,0.033,0.033,0.033,0.033,0.033,0.033,0.033,0.033,0.033,0.033,0.033,0.033,0.033
0.019,0.019,0.019,0.019,0.019,0.019,0.019,0.019,0.019,0.019,0.019,0.019,0.019,0.019,0.019,0.019,0.019,0.019,0.019,0.019,0.019,0.019,0.019,0.019,0.019,0.019,0.019,0.019,0.019,0.019
0.035,0.035,0.035,0.035,0.035,0.035,0.035,0.035,0.035,0.035,0.035,0.035,0.035,0.035,0.035,0.035,0.035,0.035,0.035,0.035,0.035,0.035,0.035,0.035,0.035,0.035,0.035,0.035,0.035,0.035
0.026,0.026,0.026,0.026,0.026,0.026,0.026,0.026,0.026,0.026,0.026,0.026,0.026,0.026,0.026,0.026,0.026,0.026,0.026,0.026,0.026,0.026,0.026,0.026,0.026,0.026,0.026,0.026,0.026,0.026
0.051,0.051,0.051,0.051,0.051,0.051,0.051,0.051,0.051,0.051,0.051,0.051,0.051,0.051,0.051,0.051,0.051,0.051,0.051,0.051,0.051,0.051,0.051,0.051,0.051,0.051,0.051,0.051,0.051,0.051
0.038,0.038,0.038,0.038,0.038,0.038,0.038,0.038,0.038,0.038,0.038,0.038,0.038,0.038,0.038,0.038,0.038,0.038,0.038,0.038,0.038,0.038,0.038,0.038,0.038,0.038,0.038,0.038,0.038,0.038
0.017,0.017,0.017,0.017,0.017,0.017,0.017,0.017,0.017,0.017,0.017,0.017,0.017,0.017,0.017,0.017,0.017,0.017,0.017,0.017,0.017,0.017,0.017,0.017,0.017,0.017,0.017,0.017,0.017,0.017
0.037,0.037,0.037,0.037,0.037,0.037,0.037,0.037,0.037,0.037,0.037,0.037,0.037,0.037,0.037,0.037,0.037,0.037,0.037,0.037,0.037,0.037,0.037,0.037,0.037,0.037,0.037,0.037,0.037,0.037
0.020,0.020,0.020,0.020,0.020,0.020,0.020,0.020,0.020,0.020,0.020,0.020,0.020,0.020,0.020,0.020,0.020,0.020,0.020,0.020,0.020,0.020,0.020,0.020,0.020,0.020,0.020,0.020,0.020,0.020
0.037,0.037,0.037,0.037,0.037,0.037,0.037,0.037,0.037,0.037,0.037,0.037,0.037,0.037,0.037,0.037,0.037,0.037,0.037,0.037,0.037,0.037,0.037,0.037,0.037,0.037,0.037,0.037,0.037,0.037
0.023,0.023,0.023,0.023,0.023,0.023,0.023,0.023,0.023,0.023,0.023,0.023,0.023,0.023,0.023,0.023,0.023,0.023,0.023,0.023,0.023,0.023,0.023,0.023,0.023,0.023,0.023,0.023,0.023,0.023
0.038,0.038,0.038,0.038,0.038,0.038,0.038,0.038,0.038,0.038,0.038,0.038,0.038,0.038,0.038,0.038,0.038,0.038,0.038,0.038,0.038,0.038,0.038,0.038,0.038,0.038,0.038,0.038,0.038,0.038
0.038,0.038,0.038,0.038,0.038,0.038,0.038,0.038,0.038,0.038,0.038,0.038,0.038,0.038,0.038,0.038,0.038,0.038,0.038,0.038,0.038,0.038,0.038,0.038,0.038,0.038,0.038,0.038,0.038,0.038
0.038,0.038,0.038,0.038,0.038,0.038,0.038,0.038,0.038,0.038,0.038,0.038,0.038,0.038,0.038,0.038,0.038,0.038,0.038,0.038,0.038,0.038,0.038,0.038,0.038,0.038,0.038,0.038,0.038,0.038
0.037,0.037,0.037,0.037,0.037,0.037,0.037,0.037,0.037,0.037,0.037,0.037,0.037,0.037,0.037,0.037,0.037,0.037,0.037,0.037,0.037,0.037,0.037,0.037,0.037,0.037,0.037,0.037,0.037,0.037
0.043,0.043,0.043,0.043,0.043,0.043,0.043,0.043,0.043,0.043,0.043,0.043,0.043,0.043,0.043,0.043,0.043,0.043,0.043,0.043,0.043,0.043,0.043,0.043,0.043,0.043,0.043,0.043,0.043,0.043
0.032,0.032,0.032,0.032,0.032,0.032,0.032,0.032,0.032,0.032,0.032,0.032,0.032,0.032,0.032,0.032,0.032,0.032,0.032,0.032,0.032,0.032,0.032,0.032,0.032,0.032,0.032,0.032,0.032,0.032
