0.279,0.090,0.343,0.344,0.082,0.272,0.284,0.283,0.358,0.339,0.271,0.131,0.336,0.293,0.311,0.256,0.300,0.172,0.390,0.258,0.338,0.236,0.334,0.300,0.339,0.353,0.383,0.336,0.236,0.183
0.219,0.154,0.286,0.286,0.165,0.213,0.225,0.224,0.300,0.281,0.213,0.103,0.278,0.235,0.253,0.196,0.242,0.112,0.333,0.199,0.280,0.175,0.277,0.241,0.282,0.296,0.325,0.278,0.174,0.123
0.206,0.135,0.273,0.273,0.133,0.200,0.212,0.211,0.287,0.268,0.200,0.130,0.265,0.222,0.240,0.183,0.229,0.131,0.319,0.186,0.267,0.162,0.264,0.228,0.268,0.282,0.312,0.265,0.161,0.140
0.201,0.131,0.268,0.268,0.129,0.195,0.207,0.206,0.282,0.263,0.195,0.127,0.260,0.217,0.235,0.178,0.224,0.130,0.314,0.181,0.262,0.157,0.259,0.223,0.263,0.278,0.307,0.260,0.156,0.139
0.261,0.155,0.328,0.328,0.164,0.255,0.267,0.266,0.342,0.323,0.255,0.129,0.320,0.277,0.295,0.238,0.284,0.150,0.375,0.241,0.322,0.217,0.319,0.283,0.324,0.338,0.367,0.320,0.216,0.161
0.282,0.094,0.343,0.344,0.084,0.275,0.286,0.286,0.357,0.339,0.274,0.136,0.336,0.295,0.311,0.259,0.301,0.173,0.389,0.261,0.338,0.239,0.334,0.303,0.338,0.353,0.382,0.335,0.239,0.185
0.189,0.091,0.255,0.256,0.100,0.182,0.194,0.193,0.269,0.251,0.182,0.066,0.248,0.204,0.223,0.166,0.211,0.079,0.302,0.169,0.250,0.144,0.246,0.210,0.251,0.265,0.295,0.248,0.144,0.090
0.288,0.106,0.352,0.353,0.102,0.280,0.292,0.292,0.366,0.347,0.280,0.143,0.345,0.302,0.319,0.264,0.309,0.180,0.398,0.267,0.346,0.244,0.343,0.309,0.347,0.361,0.391,0.344,0.244,0.191
0.217,0.139,0.284,0.285,0.137,0.211,0.223,0.222,0.298,0.280,0.211,0.136,0.277,0.233,0.251,0.195,0.240,0.142,0.331,0.198,0.278,0.174,0.275,0.239,0.280,0.294,0.324,0.277,0.175,0.151
0.237,0.060,0.292,0.294,0.056,0.228,0.238,0.238,0.306,0.288,0.227,0.095,0.286,0.248,0.262,0.213,0.253,0.131,0.337,0.215,0.287,0.194,0.283,0.256,0.286,0.300,0.330,0.285,0.194,0.142
0.278,0.093,0.341,0.342,0.086,0.271,0.282,0.282,0.355,0.337,0.270,0.131,0.334,0.292,0.309,0.255,0.298,0.168,0.388,0.257,0.336,0.235,0.332,0.299,0.337,0.351,0.381,0.334,0.235,0.180
0.164,0.159,0.231,0.232,0.171,0.158,0.170,0.169,0.245,0.227,0.158,0.102,0.224,0.180,0.199,0.142,0.187,0.081,0.278,0.145,0.225,0.120,0.222,0.186,0.227,0.241,0.270,0.224,0.119,0.085
0.207,0.132,0.274,0.275,0.131,0.201,0.213,0.212,0.288,0.270,0.201,0.126,0.267,0.223,0.241,0.185,0.230,0.131,0.321,0.188,0.268,0.163,0.265,0.229,0.270,0.284,0.313,0.267,0.162,0.139
0.298,0.120,0.359,0.360,0.111,0.289,0.300,0.300,0.374,0.355,0.288,0.163,0.352,0.310,0.327,0.274,0.316,0.197,0.406,0.276,0.354,0.256,0.350,0.317,0.355,0.369,0.399,0.352,0.257,0.207
0.198,0.122,0.264,0.265,0.123,0.191,0.203,0.203,0.278,0.260,0.191,0.107,0.257,0.214,0.232,0.175,0.220,0.114,0.311,0.178,0.259,0.154,0.255,0.220,0.260,0.274,0.304,0.257,0.154,0.124
0.314,0.129,0.379,0.380,0.119,0.307,0.319,0.318,0.393,0.375,0.306,0.171,0.371,0.328,0.346,0.291,0.335,0.207,0.426,0.293,0.373,0.272,0.370,0.335,0.375,0.389,0.418,0.372,0.272,0.218
0.144,0.129,0.210,0.211,0.140,0.138,0.150,0.149,0.225,0.206,0.137,0.077,0.203,0.160,0.178,0.121,0.167,0.056,0.257,0.124,0.205,0.100,0.201,0.166,0.206,0.220,0.250,0.203,0.099,0.062
0.183,0.154,0.249,0.250,0.160,0.176,0.189,0.188,0.264,0.245,0.176,0.119,0.242,0.199,0.217,0.160,0.206,0.112,0.296,0.163,0.244,0.139,0.240,0.205,0.245,0.259,0.289,0.242,0.139,0.121
0.087,0.209,0.150,0.151,0.221,0.077,0.091,0.088,0.164,0.145,0.079,0.151,0.142,0.105,0.123,0.063,0.107,0.106,0.197,0.067,0.144,0.059,0.141,0.105,0.146,0.162,0.189,0.146,0.048,0.094
0.199,0.076,0.266,0.266,0.083,0.193,0.205,0.204,0.280,0.261,0.193,0.066,0.258,0.215,0.233,0.176,0.222,0.089,0.312,0.179,0.260,0.155,0.257,0.221,0.261,0.276,0.305,0.258,0.154,0.099
0.222,0.130,0.288,0.289,0.127,0.215,0.227,0.227,0.302,0.284,0.215,0.127,0.281,0.238,0.256,0.199,0.244,0.133,0.335,0.202,0.283,0.178,0.279,0.244,0.284,0.298,0.328,0.281,0.177,0.142
0.251,0.067,0.317,0.318,0.058,0.244,0.256,0.255,0.331,0.313,0.244,0.108,0.310,0.266,0.284,0.228,0.273,0.143,0.364,0.231,0.311,0.207,0.308,0.272,0.313,0.327,0.356,0.310,0.207,0.154
0.209,0.135,0.276,0.277,0.133,0.203,0.215,0.214,0.290,0.272,0.203,0.129,0.269,0.225,0.243,0.187,0.232,0.134,0.323,0.190,0.270,0.165,0.267,0.231,0.272,0.286,0.315,0.269,0.166,0.143
0.261,0.073,0.325,0.326,0.067,0.254,0.266,0.265,0.339,0.321,0.254,0.108,0.318,0.276,0.293,0.238,0.282,0.149,0.371,0.241,0.320,0.217,0.316,0.282,0.320,0.335,0.364,0.317,0.217,0.161
0.185,0.139,0.251,0.252,0.138,0.178,0.191,0.190,0.265,0.247,0.178,0.123,0.244,0.201,0.219,0.162,0.207,0.120,0.298,0.165,0.246,0.141,0.242,0.207,0.247,0.261,0.291,0.245,0.140,0.126
0.120,0.178,0.186,0.187,0.190,0.113,0.126,0.125,0.201,0.182,0.113,0.122,0.179,0.136,0.154,0.097,0.142,0.086,0.233,0.100,0.181,0.076,0.177,0.142,0.182,0.196,0.226,0.179,0.075,0.082
0.098,0.195,0.164,0.165,0.207,0.091,0.103,0.102,0.178,0.160,0.091,0.138,0.156,0.113,0.132,0.075,0.120,0.099,0.211,0.078,0.158,0.056,0.155,0.119,0.160,0.174,0.203,0.158,0.060,0.096
0.197,0.148,0.264,0.265,0.146,0.191,0.203,0.202,0.278,0.260,0.191,0.135,0.257,0.213,0.231,0.175,0.220,0.132,0.311,0.178,0.258,0.153,0.255,0.219,0.260,0.274,0.303,0.257,0.155,0.138
0.327,0.148,0.393,0.394,0.139,0.320,0.332,0.332,0.407,0.389,0.320,0.186,0.386,0.343,0.361,0.304,0.349,0.218,0.440,0.307,0.388,0.283,0.384,0.349,0.389,0.403,0.433,0.386,0.282,0.228
0.279,0.080,0.345,0.346,0.070,0.272,0.285,0.284,0.360,0.341,0.272,0.123,0.338,0.295,0.313,0.256,0.301,0.165,0.392,0.259,0.340,0.235,0.336,0.301,0.341,0.355,0.385,0.338,0.234,0.177
