0.305,0.208,0.378,0.321,0.373,0.378,0.286,0.207,0.424,0.479,0.274,0.316,0.328,0.203,0.305,0.322,0.220,0.535,0.215,0.226,0.304,0.402,0.312,0.209,0.268,0.372,0.628,0.457,0.499,0.226,0.473,0.315,0.218,0.214,0.210,0.205,0.464,0.212,0.376,0.216,0.447,0.280,0.259,0.346,0.285,0.221,0.220,0.476,0.279,0.328,0.319,0.486,0.217,0.219,0.503,0.460,0.636,0.514,0.376,0.368,0.373,0.472,0.491,0.508,0.520,0.513,0.584,0.449,0.562,0.399,0.519,0.470,0.638,0.389,0.636,0.592,0.568,0.469,0.576,0.610,0.508
0.329,0.229,0.402,0.346,0.398,0.403,0.310,0.228,0.448,0.503,0.297,0.340,0.353,0.224,0.329,0.346,0.240,0.559,0.235,0.246,0.329,0.426,0.336,0.230,0.292,0.396,0.652,0.481,0.524,0.247,0.497,0.339,0.238,0.235,0.230,0.225,0.488,0.233,0.400,0.237,0.471,0.303,0.282,0.370,0.309,0.241,0.240,0.501,0.303,0.352,0.343,0.510,0.237,0.240,0.527,0.484,0.660,0.538,0.400,0.393,0.397,0.496,0.515,0.532,0.544,0.537,0.609,0.473,0.586,0.423,0.543,0.495,0.662,0.413,0.660,0.616,0.592,0.494,0.601,0.634,0.532
0.286,0.245,0.354,0.298,0.349,0.354,0.277,0.243,0.400,0.455,0.272,0.293,0.304,0.243,0.285,0.298,0.250,0.511,0.245,0.253,0.288,0.377,0.290,0.246,0.272,0.347,0.603,0.433,0.475,0.254,0.449,0.292,0.250,0.249,0.245,0.243,0.439,0.248,0.351,0.249,0.422,0.275,0.268,0.322,0.277,0.251,0.249,0.452,0.274,0.304,0.296,0.462,0.248,0.248,0.479,0.436,0.612,0.490,0.351,0.344,0.349,0.447,0.466,0.484,0.496,0.488,0.560,0.425,0.537,0.375,0.495,0.446,0.614,0.365,0.611,0.568,0.544,0.445,0.552,0.586,0.484
0.306,0.202,0.379,0.322,0.374,0.379,0.287,0.201,0.425,0.480,0.274,0.317,0.329,0.197,0.306,0.323,0.215,0.536,0.210,0.221,0.305,0.403,0.313,0.203,0.268,0.373,0.629,0.458,0.500,0.222,0.474,0.316,0.213,0.208,0.203,0.198,0.465,0.206,0.377,0.211,0.448,0.280,0.258,0.347,0.285,0.216,0.215,0.477,0.280,0.329,0.320,0.487,0.212,0.215,0.504,0.461,0.637,0.515,0.377,0.369,0.374,0.473,0.491,0.509,0.521,0.514,0.585,0.450,0.563,0.400,0.520,0.471,0.639,0.390,0.637,0.593,0.569,0.470,0.577,0.611,0.509
0.276,0.240,0.344,0.289,0.339,0.345,0.266,0.237,0.390,0.445,0.259,0.283,0.295,0.238,0.275,0.289,0.243,0.501,0.238,0.245,0.278,0.368,0.281,0.240,0.258,0.338,0.594,0.423,0.466,0.245,0.439,0.283,0.243,0.243,0.239,0.238,0.430,0.241,0.342,0.242,0.413,0.263,0.254,0.312,0.265,0.243,0.241,0.443,0.262,0.295,0.287,0.452,0.241,0.241,0.469,0.426,0.602,0.480,0.342,0.334,0.339,0.438,0.457,0.474,0.486,0.479,0.551,0.415,0.528,0.365,0.485,0.436,0.604,0.355,0.602,0.558,0.534,0.436,0.542,0.576,0.474
0.242,0.217,0.312,0.256,0.308,0.313,0.233,0.214,0.359,0.414,0.228,0.250,0.263,0.217,0.240,0.257,0.218,0.469,0.213,0.219,0.244,0.336,0.247,0.217,0.228,0.306,0.562,0.392,0.434,0.219,0.408,0.250,0.218,0.219,0.216,0.217,0.398,0.217,0.310,0.217,0.381,0.232,0.225,0.280,0.233,0.218,0.216,0.411,0.230,0.263,0.254,0.420,0.216,0.215,0.438,0.394,0.571,0.448,0.310,0.303,0.308,0.406,0.425,0.443,0.454,0.447,0.519,0.384,0.496,0.334,0.453,0.405,0.572,0.323,0.570,0.527,0.502,0.404,0.511,0.545,0.442
0.284,0.188,0.356,0.300,0.352,0.357,0.264,0.187,0.403,0.457,0.253,0.294,0.307,0.184,0.283,0.301,0.198,0.513,0.193,0.204,0.283,0.380,0.290,0.189,0.247,0.350,0.606,0.435,0.478,0.204,0.452,0.293,0.197,0.194,0.190,0.185,0.442,0.192,0.354,0.195,0.425,0.258,0.238,0.324,0.263,0.199,0.198,0.455,0.258,0.306,0.298,0.464,0.195,0.198,0.481,0.438,0.615,0.492,0.354,0.347,0.352,0.450,0.469,0.487,0.498,0.491,0.563,0.428,0.540,0.378,0.497,0.449,0.616,0.367,0.614,0.571,0.546,0.448,0.555,0.589,0.486
0.325,0.223,0.398,0.341,0.393,0.398,0.305,0.222,0.444,0.499,0.293,0.336,0.348,0.218,0.325,0.342,0.234,0.555,0.229,0.240,0.324,0.422,0.332,0.224,0.287,0.392,0.648,0.477,0.520,0.240,0.493,0.335,0.232,0.228,0.224,0.219,0.484,0.227,0.396,0.230,0.467,0.299,0.276,0.366,0.304,0.235,0.234,0.496,0.299,0.348,0.339,0.506,0.231,0.233,0.523,0.480,0.656,0.534,0.396,0.388,0.393,0.492,0.511,0.528,0.540,0.533,0.604,0.469,0.582,0.419,0.539,0.490,0.658,0.409,0.656,0.612,0.588,0.489,0.596,0.630,0.528
0.281,0.227,0.354,0.297,0.349,0.354,0.262,0.225,0.400,0.455,0.253,0.292,0.304,0.226,0.281,0.298,0.230,0.511,0.225,0.233,0.280,0.378,0.288,0.228,0.250,0.348,0.604,0.433,0.475,0.233,0.449,0.291,0.230,0.230,0.227,0.226,0.439,0.229,0.352,0.229,0.423,0.258,0.245,0.322,0.261,0.231,0.229,0.452,0.257,0.304,0.295,0.462,0.228,0.228,0.479,0.436,0.612,0.490,0.352,0.344,0.349,0.448,0.466,0.484,0.496,0.489,0.560,0.425,0.538,0.375,0.495,0.446,0.614,0.365,0.611,0.568,0.544,0.445,0.552,0.586,0.484
0.325,0.267,0.397,0.341,0.393,0.398,0.311,0.265,0.444,0.498,0.302,0.335,0.348,0.263,0.325,0.342,0.273,0.554,0.268,0.277,0.325,0.421,0.332,0.267,0.300,0.391,0.647,0.476,0.519,0.277,0.493,0.335,0.272,0.271,0.267,0.264,0.483,0.269,0.395,0.271,0.466,0.308,0.295,0.365,0.311,0.274,0.272,0.496,0.306,0.348,0.339,0.505,0.270,0.271,0.522,0.479,0.656,0.533,0.395,0.388,0.393,0.491,0.510,0.528,0.539,0.532,0.604,0.469,0.581,0.419,0.538,0.490,0.657,0.408,0.655,0.612,0.587,0.489,0.596,0.630,0.527
0.290,0.184,0.363,0.307,0.359,0.364,0.271,0.183,0.409,0.464,0.258,0.301,0.314,0.178,0.290,0.308,0.196,0.520,0.191,0.202,0.290,0.387,0.297,0.185,0.252,0.357,0.613,0.442,0.485,0.203,0.458,0.300,0.194,0.190,0.185,0.180,0.449,0.188,0.361,0.192,0.432,0.264,0.241,0.331,0.270,0.197,0.196,0.462,0.264,0.313,0.305,0.471,0.193,0.196,0.488,0.445,0.622,0.499,0.361,0.354,0.359,0.457,0.476,0.493,0.505,0.498,0.570,0.435,0.547,0.384,0.504,0.456,0.623,0.374,0.621,0.577,0.553,0.455,0.562,0.595,0.493
0.288,0.187,0.361,0.305,0.357,0.362,0.269,0.186,0.407,0.462,0.256,0.299,0.312,0.183,0.288,0.305,0.198,0.518,0.193,0.204,0.288,0.385,0.295,0.188,0.250,0.355,0.611,0.440,0.483,0.204,0.456,0.298,0.196,0.193,0.189,0.184,0.447,0.191,0.359,0.195,0.430,0.262,0.239,0.329,0.268,0.199,0.198,0.460,0.262,0.311,0.302,0.469,0.195,0.197,0.486,0.443,0.619,0.497,0.359,0.352,0.357,0.455,0.474,0.491,0.503,0.496,0.568,0.433,0.545,0.382,0.502,0.454,0.621,0.372,0.619,0.575,0.551,0.453,0.560,0.593,0.491
0.291,0.196,0.364,0.308,0.360,0.365,0.272,0.195,0.410,0.465,0.260,0.302,0.315,0.192,0.291,0.308,0.206,0.521,0.201,0.212,0.291,0.388,0.298,0.197,0.255,0.358,0.614,0.443,0.486,0.212,0.459,0.301,0.205,0.202,0.197,0.193,0.450,0.200,0.362,0.203,0.433,0.266,0.246,0.332,0.271,0.207,0.206,0.463,0.266,0.314,0.305,0.472,0.203,0.206,0.489,0.446,0.622,0.500,0.362,0.355,0.359,0.458,0.477,0.494,0.506,0.499,0.571,0.435,0.548,0.385,0.505,0.457,0.624,0.375,0.622,0.578,0.554,0.456,0.563,0.596,0.494
0.335,0.228,0.407,0.351,0.403,0.408,0.315,0.227,0.454,0.508,0.302,0.345,0.358,0.223,0.334,0.352,0.241,0.564,0.235,0.247,0.334,0.431,0.341,0.229,0.296,0.401,0.657,0.486,0.529,0.248,0.503,0.344,0.238,0.234,0.230,0.225,0.493,0.232,0.405,0.236,0.476,0.308,0.286,0.375,0.314,0.241,0.240,0.506,0.308,0.357,0.349,0.515,0.237,0.240,0.532,0.489,0.666,0.543,0.405,0.398,0.403,0.501,0.520,0.538,0.549,0.542,0.614,0.479,0.591,0.429,0.548,0.500,0.667,0.418,0.665,0.622,0.597,0.499,0.606,0.640,0.537
0.323,0.222,0.396,0.340,0.392,0.397,0.305,0.222,0.442,0.497,0.293,0.334,0.347,0.216,0.323,0.340,0.236,0.553,0.230,0.242,0.323,0.420,0.330,0.224,0.287,0.390,0.646,0.475,0.518,0.242,0.491,0.333,0.233,0.229,0.224,0.218,0.482,0.227,0.394,0.231,0.465,0.299,0.278,0.364,0.303,0.236,0.235,0.495,0.298,0.346,0.337,0.504,0.232,0.235,0.521,0.478,0.654,0.532,0.394,0.387,0.391,0.490,0.509,0.526,0.538,0.531,0.603,0.467,0.580,0.417,0.537,0.489,0.656,0.407,0.654,0.610,0.586,0.488,0.594,0.628,0.526
0.161,0.135,0.234,0.177,0.229,0.234,0.145,0.131,0.280,0.335,0.135,0.171,0.184,0.143,0.161,0.178,0.125,0.391,0.121,0.123,0.161,0.257,0.168,0.134,0.132,0.227,0.483,0.313,0.355,0.122,0.329,0.171,0.126,0.132,0.131,0.140,0.319,0.130,0.231,0.127,0.303,0.141,0.128,0.202,0.144,0.123,0.121,0.332,0.139,0.184,0.175,0.342,0.125,0.123,0.359,0.316,0.492,0.370,0.231,0.224,0.229,0.327,0.346,0.364,0.376,0.368,0.440,0.305,0.417,0.255,0.375,0.326,0.494,0.245,0.491,0.448,0.424,0.325,0.432,0.466,0.364
0.246,0.196,0.318,0.262,0.314,0.319,0.227,0.193,0.364,0.419,0.216,0.256,0.269,0.198,0.245,0.263,0.195,0.475,0.189,0.196,0.245,0.342,0.253,0.196,0.211,0.312,0.568,0.397,0.440,0.195,0.413,0.256,0.195,0.197,0.195,0.197,0.404,0.196,0.316,0.195,0.387,0.222,0.205,0.286,0.226,0.194,0.192,0.417,0.221,0.269,0.260,0.426,0.193,0.192,0.443,0.400,0.576,0.454,0.316,0.309,0.313,0.412,0.431,0.448,0.460,0.453,0.525,0.389,0.502,0.339,0.459,0.411,0.578,0.329,0.576,0.532,0.508,0.410,0.516,0.550,0.448
0.235,0.236,0.288,0.242,0.283,0.288,0.233,0.233,0.334,0.389,0.231,0.236,0.244,0.236,0.233,0.241,0.234,0.445,0.229,0.235,0.238,0.312,0.236,0.236,0.232,0.282,0.538,0.367,0.409,0.234,0.383,0.237,0.234,0.237,0.235,0.236,0.373,0.236,0.286,0.235,0.357,0.233,0.231,0.257,0.234,0.234,0.232,0.386,0.232,0.246,0.239,0.396,0.233,0.232,0.413,0.370,0.546,0.424,0.286,0.278,0.283,0.382,0.400,0.418,0.430,0.422,0.494,0.359,0.472,0.309,0.429,0.380,0.548,0.299,0.545,0.502,0.478,0.379,0.486,0.520,0.418
0.326,0.232,0.399,0.342,0.394,0.399,0.307,0.231,0.445,0.500,0.295,0.336,0.349,0.227,0.326,0.343,0.243,0.556,0.238,0.249,0.325,0.422,0.333,0.233,0.290,0.392,0.648,0.478,0.520,0.249,0.494,0.336,0.241,0.238,0.233,0.229,0.484,0.236,0.396,0.240,0.467,0.301,0.281,0.367,0.306,0.244,0.243,0.497,0.300,0.349,0.340,0.507,0.240,0.242,0.524,0.481,0.657,0.534,0.396,0.389,0.394,0.492,0.511,0.529,0.540,0.533,0.605,0.470,0.582,0.420,0.540,0.491,0.658,0.409,0.656,0.613,0.588,0.490,0.597,0.631,0.529
0.231,0.201,0.303,0.246,0.298,0.303,0.213,0.197,0.349,0.404,0.203,0.241,0.253,0.204,0.230,0.247,0.194,0.460,0.189,0.192,0.230,0.327,0.237,0.200,0.200,0.296,0.552,0.382,0.424,0.190,0.398,0.240,0.195,0.200,0.198,0.203,0.388,0.198,0.300,0.196,0.372,0.208,0.196,0.271,0.212,0.192,0.190,0.401,0.207,0.253,0.244,0.411,0.194,0.191,0.428,0.385,0.561,0.439,0.300,0.293,0.298,0.396,0.415,0.433,0.445,0.437,0.509,0.374,0.486,0.324,0.444,0.395,0.563,0.314,0.560,0.517,0.493,0.394,0.501,0.535,0.433
0.290,0.185,0.363,0.306,0.358,0.364,0.271,0.184,0.409,0.464,0.259,0.301,0.313,0.181,0.290,0.307,0.198,0.520,0.193,0.204,0.289,0.387,0.297,0.186,0.253,0.357,0.613,0.442,0.485,0.205,0.458,0.300,0.196,0.191,0.186,0.182,0.449,0.189,0.361,0.194,0.432,0.265,0.242,0.331,0.270,0.199,0.198,0.461,0.264,0.313,0.304,0.471,0.195,0.198,0.488,0.445,0.621,0.499,0.361,0.353,0.358,0.457,0.476,0.493,0.505,0.498,0.569,0.434,0.547,0.384,0.504,0.455,0.623,0.374,0.621,0.577,0.553,0.454,0.561,0.595,0.493
0.091,0.224,0.081,0.080,0.076,0.081,0.112,0.223,0.127,0.182,0.124,0.083,0.073,0.236,0.094,0.075,0.198,0.238,0.206,0.193,0.095,0.105,0.085,0.222,0.131,0.075,0.331,0.160,0.202,0.189,0.176,0.084,0.203,0.214,0.219,0.234,0.167,0.217,0.079,0.207,0.150,0.119,0.143,0.062,0.112,0.199,0.200,0.179,0.119,0.075,0.079,0.189,0.205,0.200,0.206,0.163,0.339,0.217,0.079,0.072,0.076,0.175,0.194,0.211,0.223,0.216,0.287,0.152,0.265,0.102,0.222,0.173,0.341,0.092,0.339,0.295,0.271,0.172,0.279,0.313,0.211
0.170,0.120,0.243,0.186,0.238,0.243,0.152,0.118,0.289,0.344,0.142,0.180,0.193,0.123,0.170,0.187,0.114,0.400,0.109,0.115,0.169,0.266,0.177,0.119,0.137,0.236,0.492,0.322,0.364,0.114,0.338,0.180,0.115,0.119,0.117,0.122,0.328,0.118,0.240,0.115,0.311,0.147,0.130,0.211,0.151,0.114,0.111,0.341,0.146,0.193,0.184,0.351,0.114,0.112,0.368,0.325,0.501,0.378,0.240,0.233,0.238,0.336,0.355,0.373,0.384,0.377,0.449,0.314,0.426,0.264,0.384,0.335,0.502,0.253,0.500,0.457,0.432,0.334,0.441,0.475,0.373
0.261,0.212,0.333,0.277,0.329,0.334,0.242,0.209,0.379,0.434,0.232,0.271,0.284,0.213,0.260,0.278,0.209,0.490,0.204,0.210,0.260,0.357,0.267,0.211,0.228,0.327,0.583,0.412,0.455,0.209,0.428,0.270,0.209,0.212,0.210,0.212,0.419,0.210,0.331,0.209,0.402,0.237,0.223,0.301,0.241,0.208,0.206,0.432,0.236,0.283,0.275,0.441,0.208,0.206,0.458,0.415,0.591,0.469,0.331,0.324,0.328,0.427,0.446,0.463,0.475,0.468,0.540,0.404,0.517,0.354,0.474,0.426,0.593,0.344,0.591,0.547,0.523,0.425,0.532,0.565,0.463
0.299,0.200,0.372,0.315,0.367,0.372,0.280,0.199,0.418,0.473,0.268,0.309,0.322,0.194,0.299,0.316,0.213,0.529,0.208,0.219,0.298,0.395,0.306,0.202,0.263,0.365,0.621,0.451,0.493,0.220,0.467,0.309,0.211,0.207,0.202,0.196,0.457,0.205,0.369,0.209,0.440,0.274,0.254,0.340,0.279,0.214,0.213,0.470,0.274,0.322,0.313,0.480,0.210,0.213,0.497,0.454,0.630,0.508,0.369,0.362,0.367,0.465,0.484,0.502,0.514,0.506,0.578,0.443,0.555,0.393,0.513,0.464,0.632,0.383,0.629,0.586,0.562,0.463,0.570,0.604,0.502
0.309,0.255,0.381,0.325,0.376,0.381,0.293,0.253,0.427,0.482,0.285,0.319,0.331,0.253,0.308,0.325,0.260,0.538,0.255,0.263,0.308,0.405,0.315,0.256,0.283,0.374,0.631,0.460,0.502,0.263,0.476,0.318,0.260,0.259,0.255,0.253,0.466,0.258,0.379,0.259,0.450,0.290,0.278,0.349,0.293,0.261,0.259,0.479,0.288,0.331,0.322,0.489,0.258,0.258,0.506,0.463,0.639,0.517,0.379,0.371,0.376,0.475,0.493,0.511,0.523,0.515,0.587,0.452,0.565,0.402,0.522,0.473,0.641,0.392,0.638,0.595,0.571,0.472,0.579,0.613,0.511
0.179,0.260,0.173,0.175,0.169,0.173,0.189,0.256,0.218,0.273,0.196,0.171,0.171,0.266,0.178,0.170,0.245,0.329,0.244,0.240,0.183,0.196,0.177,0.259,0.201,0.166,0.422,0.251,0.293,0.238,0.267,0.176,0.248,0.255,0.255,0.264,0.257,0.254,0.170,0.249,0.241,0.195,0.209,0.168,0.189,0.242,0.242,0.270,0.193,0.173,0.171,0.280,0.247,0.243,0.297,0.254,0.430,0.308,0.171,0.164,0.169,0.266,0.284,0.302,0.314,0.306,0.378,0.243,0.355,0.193,0.313,0.264,0.432,0.183,0.429,0.386,0.362,0.263,0.370,0.404,0.302
0.273,0.232,0.343,0.287,0.339,0.344,0.261,0.230,0.389,0.444,0.253,0.281,0.294,0.231,0.272,0.288,0.235,0.500,0.230,0.238,0.274,0.367,0.279,0.232,0.252,0.337,0.593,0.422,0.465,0.237,0.438,0.281,0.235,0.235,0.232,0.231,0.429,0.234,0.341,0.234,0.412,0.257,0.248,0.311,0.260,0.236,0.234,0.442,0.256,0.294,0.285,0.451,0.233,0.233,0.468,0.425,0.601,0.479,0.341,0.334,0.338,0.437,0.456,0.473,0.485,0.478,0.550,0.414,0.527,0.364,0.484,0.436,0.603,0.354,0.601,0.557,0.533,0.435,0.541,0.575,0.473
0.277,0.255,0.327,0.284,0.322,0.327,0.274,0.253,0.373,0.428,0.270,0.278,0.285,0.254,0.275,0.282,0.259,0.484,0.254,0.262,0.280,0.351,0.279,0.256,0.271,0.320,0.577,0.406,0.448,0.261,0.422,0.279,0.259,0.259,0.255,0.254,0.412,0.257,0.324,0.258,0.396,0.273,0.268,0.295,0.274,0.259,0.257,0.425,0.272,0.287,0.281,0.435,0.257,0.257,0.452,0.409,0.585,0.463,0.325,0.317,0.322,0.421,0.439,0.457,0.469,0.461,0.533,0.398,0.511,0.348,0.468,0.419,0.587,0.338,0.584,0.541,0.517,0.418,0.525,0.559,0.457
0.321,0.227,0.394,0.338,0.390,0.395,0.302,0.226,0.440,0.495,0.290,0.332,0.345,0.222,0.321,0.338,0.238,0.551,0.233,0.244,0.321,0.418,0.328,0.228,0.285,0.388,0.644,0.473,0.516,0.244,0.489,0.331,0.236,0.233,0.228,0.223,0.480,0.231,0.392,0.234,0.463,0.296,0.276,0.362,0.301,0.239,0.238,0.493,0.296,0.344,0.335,0.502,0.235,0.237,0.519,0.476,0.652,0.530,0.392,0.385,0.389,0.488,0.507,0.524,0.536,0.529,0.601,0.465,0.578,0.415,0.535,0.487,0.654,0.405,0.652,0.608,0.584,0.486,0.593,0.626,0.524
0.271,0.248,0.319,0.278,0.314,0.319,0.267,0.246,0.365,0.419,0.263,0.272,0.280,0.247,0.269,0.277,0.252,0.475,0.247,0.254,0.274,0.342,0.273,0.249,0.264,0.312,0.568,0.397,0.440,0.254,0.414,0.274,0.251,0.252,0.248,0.247,0.404,0.250,0.316,0.251,0.387,0.266,0.261,0.291,0.267,0.252,0.250,0.417,0.265,0.282,0.276,0.426,0.250,0.249,0.443,0.400,0.577,0.454,0.316,0.309,0.314,0.412,0.431,0.449,0.460,0.453,0.525,0.390,0.502,0.340,0.459,0.411,0.578,0.329,0.576,0.533,0.508,0.410,0.517,0.551,0.448
0.301,0.195,0.374,0.317,0.369,0.374,0.281,0.194,0.420,0.475,0.269,0.311,0.324,0.190,0.301,0.318,0.208,0.531,0.203,0.214,0.300,0.397,0.308,0.196,0.263,0.367,0.623,0.453,0.495,0.215,0.469,0.311,0.206,0.201,0.197,0.191,0.459,0.199,0.371,0.204,0.442,0.275,0.253,0.342,0.280,0.209,0.208,0.472,0.275,0.324,0.315,0.482,0.204,0.208,0.499,0.456,0.632,0.510,0.371,0.364,0.369,0.467,0.486,0.504,0.516,0.508,0.580,0.445,0.557,0.395,0.515,0.466,0.634,0.385,0.631,0.588,0.564,0.465,0.572,0.606,0.504
0.345,0.243,0.417,0.361,0.413,0.418,0.326,0.243,0.463,0.518,0.314,0.355,0.368,0.238,0.344,0.361,0.256,0.574,0.251,0.262,0.344,0.441,0.351,0.245,0.308,0.411,0.667,0.496,0.539,0.263,0.512,0.354,0.254,0.250,0.245,0.240,0.503,0.248,0.415,0.252,0.486,0.320,0.299,0.385,0.324,0.257,0.256,0.516,0.319,0.367,0.358,0.525,0.253,0.256,0.542,0.499,0.675,0.553,0.415,0.408,0.412,0.511,0.530,0.547,0.559,0.552,0.624,0.488,0.601,0.438,0.558,0.510,0.677,0.428,0.675,0.631,0.607,0.509,0.616,0.649,0.547
0.331,0.229,0.404,0.348,0.400,0.405,0.312,0.229,0.450,0.505,0.300,0.342,0.355,0.224,0.331,0.348,0.242,0.561,0.237,0.248,0.330,0.428,0.338,0.231,0.294,0.398,0.654,0.483,0.526,0.249,0.499,0.341,0.240,0.236,0.231,0.225,0.490,0.234,0.402,0.238,0.473,0.306,0.283,0.372,0.311,0.243,0.242,0.503,0.305,0.354,0.345,0.512,0.239,0.242,0.529,0.486,0.662,0.540,0.402,0.395,0.399,0.498,0.517,0.534,0.546,0.539,0.611,0.475,0.588,0.425,0.545,0.497,0.664,0.415,0.662,0.618,0.594,0.496,0.602,0.636,0.534
0.332,0.229,0.405,0.348,0.400,0.406,0.313,0.228,0.451,0.506,0.301,0.343,0.355,0.223,0.332,0.349,0.242,0.562,0.236,0.248,0.331,0.429,0.339,0.230,0.295,0.399,0.655,0.484,0.527,0.249,0.500,0.342,0.239,0.235,0.230,0.225,0.491,0.233,0.403,0.237,0.474,0.307,0.284,0.373,0.312,0.242,0.241,0.503,0.306,0.355,0.346,0.513,0.238,0.241,0.530,0.487,0.663,0.541,0.403,0.395,0.400,0.499,0.518,0.535,0.547,0.540,0.612,0.476,0.589,0.426,0.546,0.497,0.665,0.416,0.663,0.619,0.595,0.496,0.603,0.637,0.535
0.351,0.247,0.423,0.367,0.419,0.424,0.331,0.246,0.470,0.525,0.319,0.361,0.374,0.241,0.350,0.368,0.260,0.580,0.255,0.266,0.350,0.447,0.357,0.248,0.313,0.417,0.673,0.503,0.545,0.267,0.519,0.360,0.258,0.254,0.249,0.243,0.509,0.251,0.421,0.256,0.492,0.325,0.303,0.391,0.330,0.261,0.260,0.522,0.325,0.374,0.365,0.532,0.257,0.260,0.549,0.505,0.682,0.559,0.421,0.414,0.419,0.517,0.536,0.554,0.565,0.558,0.630,0.495,0.607,0.445,0.564,0.516,0.683,0.434,0.681,0.638,0.613,0.515,0.622,0.656,0.553
0.290,0.244,0.363,0.307,0.359,0.364,0.275,0.242,0.409,0.464,0.268,0.301,0.314,0.242,0.290,0.307,0.248,0.520,0.243,0.250,0.290,0.387,0.297,0.245,0.267,0.357,0.613,0.442,0.485,0.251,0.458,0.300,0.248,0.248,0.244,0.243,0.449,0.246,0.361,0.247,0.432,0.272,0.263,0.331,0.274,0.248,0.246,0.462,0.271,0.313,0.304,0.471,0.246,0.246,0.488,0.445,0.621,0.499,0.361,0.354,0.358,0.457,0.476,0.493,0.505,0.498,0.570,0.434,0.547,0.384,0.504,0.456,0.623,0.374,0.621,0.577,0.553,0.455,0.561,0.595,0.493
0.335,0.238,0.408,0.352,0.403,0.409,0.316,0.237,0.454,0.509,0.304,0.346,0.358,0.233,0.335,0.352,0.250,0.565,0.244,0.256,0.335,0.432,0.342,0.239,0.298,0.402,0.658,0.487,0.530,0.256,0.503,0.345,0.248,0.244,0.240,0.235,0.494,0.242,0.406,0.246,0.477,0.310,0.289,0.376,0.315,0.251,0.249,0.507,0.310,0.358,0.349,0.516,0.246,0.249,0.533,0.490,0.666,0.544,0.406,0.399,0.403,0.502,0.521,0.538,0.550,0.543,0.615,0.479,0.592,0.429,0.549,0.501,0.668,0.419,0.666,0.622,0.598,0.500,0.606,0.640,0.538
0.248,0.223,0.315,0.260,0.310,0.315,0.238,0.221,0.361,0.416,0.233,0.254,0.265,0.223,0.246,0.260,0.225,0.472,0.220,0.226,0.250,0.339,0.252,0.224,0.234,0.309,0.565,0.394,0.436,0.226,0.410,0.254,0.224,0.226,0.223,0.223,0.400,0.224,0.313,0.224,0.384,0.237,0.230,0.283,0.238,0.225,0.223,0.413,0.236,0.266,0.258,0.423,0.223,0.222,0.440,0.397,0.573,0.451,0.313,0.305,0.310,0.409,0.427,0.445,0.457,0.449,0.521,0.386,0.499,0.336,0.456,0.407,0.575,0.326,0.572,0.529,0.505,0.406,0.513,0.547,0.445
0.318,0.216,0.390,0.334,0.386,0.391,0.299,0.215,0.437,0.492,0.286,0.328,0.341,0.211,0.317,0.335,0.229,0.547,0.223,0.235,0.317,0.414,0.324,0.217,0.280,0.384,0.640,0.470,0.512,0.235,0.486,0.327,0.226,0.222,0.217,0.212,0.476,0.220,0.388,0.224,0.459,0.292,0.271,0.359,0.297,0.229,0.228,0.489,0.292,0.341,0.332,0.499,0.225,0.228,0.516,0.473,0.649,0.526,0.388,0.381,0.386,0.484,0.503,0.521,0.532,0.525,0.597,0.462,0.574,0.412,0.531,0.483,0.650,0.401,0.648,0.605,0.580,0.482,0.589,0.623,0.520
0.226,0.235,0.254,0.230,0.249,0.254,0.227,0.233,0.300,0.355,0.225,0.224,0.230,0.236,0.225,0.227,0.234,0.410,0.228,0.234,0.230,0.277,0.226,0.235,0.226,0.247,0.503,0.333,0.375,0.233,0.349,0.227,0.234,0.237,0.234,0.236,0.339,0.235,0.251,0.234,0.322,0.226,0.227,0.236,0.227,0.233,0.231,0.352,0.225,0.232,0.227,0.362,0.233,0.231,0.379,0.336,0.512,0.389,0.252,0.245,0.249,0.347,0.366,0.384,0.395,0.388,0.460,0.325,0.437,0.275,0.395,0.346,0.513,0.264,0.511,0.468,0.443,0.345,0.452,0.486,0.384
0.296,0.204,0.369,0.313,0.365,0.370,0.277,0.203,0.415,0.470,0.266,0.307,0.320,0.200,0.296,0.313,0.214,0.526,0.209,0.220,0.296,0.393,0.303,0.205,0.260,0.363,0.619,0.448,0.491,0.220,0.464,0.306,0.213,0.210,0.205,0.201,0.455,0.208,0.367,0.211,0.438,0.271,0.252,0.337,0.276,0.215,0.214,0.468,0.271,0.319,0.310,0.477,0.211,0.214,0.494,0.451,0.627,0.505,0.367,0.360,0.364,0.463,0.482,0.499,0.511,0.504,0.576,0.440,0.553,0.390,0.510,0.462,0.629,0.380,0.627,0.583,0.559,0.461,0.567,0.601,0.499
0.170,0.135,0.243,0.187,0.238,0.244,0.152,0.131,0.289,0.344,0.142,0.181,0.193,0.141,0.170,0.187,0.127,0.400,0.123,0.125,0.169,0.267,0.178,0.134,0.138,0.237,0.493,0.322,0.365,0.123,0.338,0.180,0.128,0.133,0.131,0.139,0.329,0.132,0.241,0.129,0.312,0.148,0.131,0.211,0.152,0.125,0.123,0.341,0.146,0.193,0.184,0.351,0.127,0.125,0.368,0.325,0.501,0.379,0.241,0.234,0.238,0.337,0.356,0.373,0.385,0.378,0.450,0.314,0.427,0.264,0.384,0.335,0.503,0.254,0.501,0.457,0.433,0.335,0.441,0.475,0.373
0.292,0.192,0.365,0.308,0.360,0.365,0.273,0.191,0.411,0.466,0.261,0.303,0.315,0.187,0.292,0.309,0.204,0.522,0.198,0.210,0.291,0.389,0.299,0.193,0.255,0.359,0.615,0.444,0.486,0.210,0.460,0.302,0.202,0.198,0.194,0.189,0.450,0.196,0.363,0.200,0.434,0.267,0.245,0.333,0.272,0.204,0.203,0.463,0.266,0.315,0.306,0.473,0.200,0.203,0.490,0.447,0.623,0.501,0.363,0.355,0.360,0.459,0.477,0.495,0.507,0.499,0.571,0.436,0.549,0.386,0.506,0.457,0.625,0.376,0.622,0.579,0.555,0.456,0.563,0.597,0.495
0.293,0.192,0.366,0.309,0.361,0.366,0.273,0.191,0.412,0.467,0.261,0.304,0.316,0.187,0.293,0.310,0.204,0.523,0.199,0.210,0.292,0.390,0.300,0.194,0.255,0.360,0.616,0.445,0.487,0.211,0.461,0.303,0.202,0.198,0.194,0.189,0.451,0.196,0.364,0.200,0.435,0.267,0.246,0.334,0.272,0.205,0.204,0.464,0.267,0.316,0.307,0.474,0.201,0.204,0.491,0.448,0.624,0.502,0.364,0.356,0.361,0.460,0.478,0.496,0.508,0.501,0.572,0.437,0.550,0.387,0.507,0.458,0.626,0.377,0.623,0.580,0.556,0.457,0.564,0.598,0.496
0.311,0.216,0.384,0.327,0.379,0.384,0.291,0.215,0.430,0.485,0.279,0.321,0.334,0.211,0.310,0.328,0.226,0.540,0.221,0.232,0.310,0.407,0.318,0.217,0.274,0.377,0.633,0.463,0.505,0.233,0.479,0.321,0.225,0.222,0.217,0.213,0.469,0.220,0.381,0.223,0.452,0.285,0.264,0.352,0.290,0.227,0.226,0.482,0.285,0.334,0.325,0.492,0.223,0.226,0.509,0.466,0.642,0.519,0.381,0.374,0.379,0.477,0.496,0.514,0.525,0.518,0.590,0.455,0.567,0.405,0.524,0.476,0.643,0.394,0.641,0.598,0.573,0.475,0.582,0.616,0.513
0.312,0.213,0.385,0.329,0.381,0.386,0.293,0.212,0.431,0.486,0.281,0.323,0.336,0.208,0.312,0.329,0.225,0.542,0.220,0.231,0.312,0.409,0.319,0.214,0.275,0.379,0.635,0.464,0.507,0.232,0.480,0.322,0.223,0.219,0.214,0.210,0.471,0.217,0.383,0.221,0.454,0.287,0.266,0.353,0.292,0.226,0.225,0.484,0.287,0.335,0.326,0.493,0.222,0.225,0.510,0.467,0.643,0.521,0.383,0.376,0.381,0.479,0.498,0.515,0.527,0.520,0.592,0.457,0.569,0.406,0.526,0.478,0.645,0.396,0.643,0.599,0.575,0.477,0.584,0.617,0.515
0.099,0.236,0.078,0.084,0.073,0.079,0.120,0.236,0.124,0.179,0.132,0.090,0.077,0.248,0.100,0.082,0.209,0.235,0.216,0.203,0.101,0.102,0.093,0.234,0.139,0.072,0.328,0.157,0.200,0.199,0.173,0.090,0.215,0.225,0.232,0.246,0.164,0.229,0.076,0.218,0.147,0.126,0.151,0.063,0.120,0.209,0.210,0.176,0.126,0.079,0.086,0.186,0.216,0.210,0.203,0.160,0.336,0.214,0.076,0.070,0.073,0.172,0.191,0.208,0.220,0.213,0.284,0.149,0.262,0.099,0.219,0.170,0.338,0.089,0.336,0.292,0.268,0.169,0.276,0.310,0.208
0.270,0.172,0.342,0.286,0.338,0.343,0.250,0.170,0.388,0.443,0.238,0.280,0.293,0.168,0.269,0.287,0.181,0.499,0.176,0.187,0.269,0.366,0.276,0.172,0.232,0.336,0.592,0.421,0.464,0.188,0.437,0.279,0.180,0.177,0.173,0.169,0.428,0.175,0.340,0.178,0.411,0.244,0.222,0.310,0.249,0.182,0.181,0.441,0.243,0.292,0.284,0.450,0.178,0.181,0.467,0.424,0.601,0.478,0.340,0.333,0.338,0.436,0.455,0.473,0.484,0.477,0.549,0.414,0.526,0.363,0.483,0.435,0.602,0.353,0.600,0.557,0.532,0.434,0.541,0.575,0.472
0.287,0.233,0.360,0.303,0.355,0.360,0.269,0.231,0.406,0.461,0.260,0.297,0.310,0.231,0.286,0.304,0.238,0.516,0.232,0.240,0.286,0.383,0.294,0.234,0.258,0.353,0.609,0.439,0.481,0.240,0.455,0.296,0.237,0.237,0.233,0.231,0.445,0.235,0.357,0.236,0.428,0.265,0.253,0.328,0.269,0.238,0.236,0.458,0.264,0.310,0.301,0.468,0.235,0.235,0.485,0.442,0.618,0.495,0.357,0.350,0.355,0.453,0.472,0.490,0.501,0.494,0.566,0.431,0.543,0.381,0.500,0.452,0.619,0.370,0.617,0.574,0.549,0.451,0.558,0.592,0.489
0.303,0.206,0.376,0.319,0.371,0.376,0.284,0.205,0.422,0.477,0.273,0.314,0.326,0.201,0.303,0.320,0.218,0.533,0.213,0.224,0.302,0.400,0.310,0.208,0.267,0.370,0.626,0.455,0.497,0.224,0.471,0.313,0.216,0.212,0.208,0.203,0.462,0.210,0.374,0.214,0.445,0.278,0.258,0.344,0.283,0.219,0.218,0.474,0.278,0.326,0.317,0.484,0.215,0.217,0.501,0.458,0.634,0.512,0.374,0.366,0.371,0.470,0.489,0.506,0.518,0.511,0.582,0.447,0.560,0.397,0.517,0.468,0.636,0.387,0.634,0.590,0.566,0.467,0.574,0.608,0.506
0.268,0.252,0.321,0.276,0.316,0.321,0.265,0.250,0.367,0.422,0.261,0.270,0.278,0.251,0.266,0.275,0.255,0.478,0.249,0.256,0.271,0.345,0.270,0.252,0.262,0.314,0.570,0.400,0.442,0.256,0.416,0.271,0.254,0.255,0.252,0.251,0.406,0.253,0.318,0.254,0.390,0.264,0.260,0.290,0.265,0.255,0.252,0.419,0.263,0.280,0.273,0.429,0.253,0.252,0.446,0.403,0.579,0.457,0.318,0.311,0.316,0.414,0.433,0.451,0.463,0.455,0.527,0.392,0.504,0.342,0.462,0.413,0.581,0.332,0.578,0.535,0.511,0.412,0.519,0.553,0.451
0.334,0.233,0.407,0.351,0.402,0.408,0.315,0.233,0.453,0.508,0.303,0.345,0.357,0.227,0.334,0.351,0.247,0.564,0.241,0.253,0.333,0.431,0.341,0.235,0.297,0.401,0.657,0.486,0.529,0.253,0.502,0.344,0.244,0.240,0.235,0.229,0.493,0.238,0.405,0.242,0.476,0.309,0.288,0.375,0.314,0.247,0.246,0.506,0.308,0.357,0.348,0.515,0.243,0.246,0.532,0.489,0.665,0.543,0.405,0.398,0.402,0.501,0.520,0.537,0.549,0.542,0.614,0.478,0.591,0.428,0.548,0.500,0.667,0.418,0.665,0.621,0.597,0.499,0.605,0.639,0.537
0.321,0.221,0.394,0.337,0.389,0.395,0.302,0.220,0.440,0.495,0.290,0.332,0.344,0.216,0.321,0.338,0.233,0.551,0.228,0.239,0.320,0.418,0.328,0.222,0.284,0.388,0.644,0.473,0.516,0.240,0.489,0.331,0.231,0.227,0.222,0.217,0.480,0.225,0.392,0.229,0.463,0.296,0.274,0.362,0.301,0.234,0.233,0.492,0.295,0.344,0.335,0.502,0.230,0.233,0.519,0.476,0.652,0.530,0.392,0.384,0.389,0.488,0.507,0.524,0.536,0.529,0.600,0.465,0.578,0.415,0.535,0.486,0.654,0.405,0.652,0.608,0.584,0.485,0.592,0.626,0.524
0.289,0.254,0.341,0.298,0.336,0.341,0.281,0.252,0.387,0.442,0.274,0.292,0.301,0.251,0.287,0.297,0.258,0.498,0.253,0.260,0.291,0.364,0.292,0.254,0.274,0.334,0.590,0.420,0.462,0.260,0.436,0.293,0.257,0.257,0.254,0.252,0.426,0.256,0.338,0.257,0.409,0.278,0.270,0.312,0.280,0.258,0.256,0.439,0.277,0.303,0.296,0.449,0.256,0.255,0.466,0.423,0.599,0.477,0.338,0.331,0.336,0.434,0.453,0.471,0.483,0.475,0.547,0.412,0.524,0.362,0.482,0.433,0.601,0.352,0.598,0.555,0.531,0.432,0.539,0.573,0.471
0.256,0.234,0.321,0.267,0.317,0.322,0.249,0.231,0.367,0.422,0.244,0.261,0.272,0.233,0.254,0.266,0.236,0.478,0.230,0.237,0.258,0.345,0.259,0.234,0.245,0.315,0.571,0.400,0.443,0.237,0.416,0.261,0.235,0.236,0.233,0.233,0.407,0.235,0.319,0.235,0.390,0.247,0.242,0.289,0.248,0.236,0.233,0.420,0.246,0.273,0.264,0.429,0.234,0.233,0.446,0.403,0.579,0.457,0.319,0.312,0.316,0.415,0.434,0.451,0.463,0.456,0.528,0.392,0.505,0.342,0.462,0.414,0.581,0.332,0.579,0.535,0.511,0.413,0.519,0.553,0.451
0.308,0.277,0.336,0.315,0.334,0.337,0.305,0.275,0.362,0.415,0.300,0.309,0.316,0.274,0.306,0.313,0.283,0.471,0.278,0.286,0.311,0.349,0.310,0.278,0.301,0.329,0.564,0.393,0.436,0.287,0.409,0.311,0.282,0.282,0.278,0.274,0.400,0.280,0.332,0.282,0.383,0.303,0.298,0.324,0.305,0.284,0.282,0.413,0.302,0.318,0.312,0.422,0.281,0.281,0.439,0.396,0.572,0.450,0.334,0.330,0.333,0.408,0.427,0.444,0.456,0.449,0.521,0.385,0.498,0.344,0.455,0.407,0.574,0.340,0.572,0.528,0.504,0.406,0.512,0.546,0.444
0.231,0.232,0.289,0.240,0.284,0.289,0.227,0.229,0.335,0.390,0.223,0.234,0.243,0.233,0.229,0.239,0.230,0.446,0.224,0.230,0.234,0.312,0.234,0.232,0.225,0.282,0.538,0.368,0.410,0.229,0.384,0.235,0.230,0.233,0.230,0.232,0.374,0.231,0.286,0.230,0.358,0.226,0.225,0.257,0.227,0.229,0.227,0.387,0.224,0.245,0.238,0.397,0.229,0.227,0.414,0.371,0.547,0.425,0.286,0.279,0.284,0.382,0.401,0.419,0.431,0.423,0.495,0.360,0.472,0.310,0.430,0.381,0.549,0.300,0.546,0.503,0.479,0.380,0.487,0.521,0.419
0.263,0.227,0.335,0.279,0.330,0.336,0.249,0.225,0.381,0.436,0.242,0.273,0.285,0.226,0.262,0.279,0.229,0.492,0.224,0.231,0.262,0.359,0.269,0.227,0.241,0.329,0.585,0.414,0.457,0.231,0.430,0.272,0.229,0.230,0.226,0.226,0.421,0.228,0.333,0.228,0.404,0.246,0.237,0.303,0.248,0.229,0.227,0.434,0.245,0.285,0.276,0.443,0.227,0.226,0.460,0.417,0.593,0.471,0.333,0.326,0.330,0.429,0.448,0.465,0.477,0.470,0.542,0.406,0.519,0.356,0.476,0.427,0.595,0.346,0.593,0.549,0.525,0.427,0.533,0.567,0.465
0.074,0.185,0.113,0.070,0.109,0.114,0.089,0.182,0.159,0.214,0.099,0.067,0.067,0.195,0.074,0.065,0.162,0.270,0.167,0.157,0.078,0.137,0.072,0.183,0.105,0.107,0.363,0.192,0.235,0.155,0.208,0.071,0.166,0.176,0.180,0.193,0.199,0.177,0.111,0.168,0.182,0.096,0.116,0.081,0.088,0.161,0.162,0.212,0.094,0.069,0.066,0.221,0.167,0.163,0.238,0.195,0.371,0.249,0.111,0.104,0.108,0.207,0.226,0.243,0.255,0.248,0.320,0.185,0.297,0.134,0.254,0.206,0.373,0.124,0.371,0.327,0.303,0.205,0.312,0.345,0.243
0.300,0.249,0.373,0.316,0.368,0.374,0.285,0.247,0.419,0.474,0.277,0.311,0.323,0.247,0.300,0.317,0.254,0.530,0.249,0.257,0.300,0.397,0.307,0.250,0.275,0.367,0.623,0.452,0.495,0.257,0.468,0.310,0.254,0.253,0.249,0.247,0.459,0.251,0.371,0.253,0.442,0.281,0.270,0.341,0.284,0.254,0.252,0.471,0.280,0.323,0.314,0.481,0.252,0.252,0.498,0.455,0.631,0.509,0.371,0.363,0.368,0.467,0.486,0.503,0.515,0.508,0.579,0.444,0.557,0.394,0.514,0.465,0.633,0.384,0.631,0.587,0.563,0.464,0.571,0.605,0.503
0.270,0.237,0.339,0.284,0.335,0.340,0.261,0.235,0.385,0.440,0.255,0.278,0.290,0.236,0.269,0.284,0.240,0.496,0.235,0.242,0.272,0.363,0.275,0.237,0.255,0.333,0.589,0.418,0.461,0.242,0.434,0.278,0.240,0.240,0.237,0.236,0.425,0.239,0.337,0.239,0.408,0.259,0.252,0.307,0.260,0.240,0.238,0.438,0.258,0.290,0.282,0.447,0.238,0.238,0.464,0.421,0.597,0.475,0.337,0.330,0.334,0.433,0.452,0.469,0.481,0.474,0.546,0.410,0.523,0.360,0.480,0.432,0.599,0.350,0.597,0.553,0.529,0.431,0.538,0.571,0.469
0.275,0.266,0.291,0.279,0.288,0.292,0.275,0.264,0.333,0.388,0.272,0.273,0.279,0.265,0.274,0.276,0.268,0.444,0.263,0.270,0.279,0.311,0.275,0.266,0.273,0.285,0.537,0.366,0.409,0.269,0.382,0.276,0.268,0.269,0.266,0.265,0.373,0.267,0.288,0.267,0.356,0.274,0.272,0.285,0.275,0.268,0.266,0.385,0.273,0.281,0.276,0.395,0.266,0.265,0.412,0.369,0.545,0.423,0.289,0.285,0.288,0.381,0.400,0.417,0.429,0.422,0.493,0.358,0.471,0.308,0.428,0.379,0.547,0.298,0.545,0.501,0.477,0.378,0.485,0.519,0.417
0.112,0.248,0.090,0.098,0.085,0.090,0.132,0.248,0.136,0.191,0.144,0.102,0.090,0.260,0.113,0.095,0.221,0.247,0.229,0.216,0.113,0.114,0.105,0.246,0.151,0.084,0.339,0.169,0.211,0.212,0.185,0.103,0.227,0.237,0.244,0.258,0.175,0.241,0.089,0.230,0.159,0.139,0.163,0.076,0.133,0.222,0.223,0.188,0.139,0.092,0.099,0.198,0.228,0.222,0.215,0.172,0.348,0.226,0.088,0.085,0.085,0.183,0.202,0.220,0.232,0.224,0.296,0.161,0.273,0.111,0.231,0.182,0.350,0.101,0.347,0.304,0.280,0.181,0.288,0.322,0.220
0.261,0.253,0.316,0.268,0.311,0.316,0.258,0.250,0.362,0.417,0.255,0.262,0.270,0.252,0.259,0.267,0.254,0.473,0.248,0.255,0.264,0.340,0.263,0.253,0.257,0.310,0.566,0.395,0.438,0.254,0.411,0.264,0.253,0.255,0.252,0.252,0.402,0.253,0.314,0.253,0.385,0.258,0.255,0.284,0.258,0.254,0.251,0.414,0.256,0.272,0.265,0.424,0.252,0.251,0.441,0.398,0.574,0.452,0.314,0.306,0.311,0.410,0.429,0.446,0.458,0.451,0.522,0.387,0.500,0.337,0.457,0.408,0.576,0.327,0.574,0.530,0.506,0.407,0.514,0.548,0.446
0.094,0.227,0.136,0.094,0.131,0.135,0.110,0.227,0.180,0.235,0.123,0.092,0.097,0.239,0.093,0.094,0.200,0.291,0.207,0.194,0.096,0.158,0.095,0.225,0.129,0.129,0.384,0.213,0.256,0.190,0.229,0.091,0.206,0.216,0.223,0.237,0.220,0.220,0.133,0.209,0.203,0.117,0.141,0.108,0.111,0.200,0.201,0.233,0.117,0.098,0.093,0.242,0.207,0.201,0.259,0.216,0.392,0.270,0.134,0.128,0.131,0.228,0.247,0.264,0.276,0.269,0.341,0.206,0.318,0.156,0.275,0.227,0.394,0.145,0.392,0.348,0.324,0.226,0.333,0.366,0.264
0.228,0.298,0.206,0.223,0.208,0.208,0.238,0.294,0.228,0.283,0.244,0.220,0.219,0.303,0.227,0.218,0.288,0.339,0.284,0.284,0.232,0.212,0.226,0.297,0.249,0.203,0.431,0.261,0.303,0.281,0.277,0.225,0.289,0.295,0.294,0.301,0.267,0.294,0.201,0.291,0.250,0.243,0.256,0.217,0.238,0.285,0.284,0.280,0.242,0.221,0.220,0.290,0.289,0.285,0.307,0.264,0.440,0.317,0.207,0.207,0.207,0.275,0.294,0.312,0.323,0.316,0.388,0.253,0.365,0.205,0.323,0.274,0.442,0.206,0.439,0.396,0.372,0.273,0.380,0.414,0.312
0.283,0.242,0.350,0.296,0.346,0.351,0.272,0.240,0.397,0.452,0.265,0.290,0.301,0.241,0.281,0.296,0.246,0.507,0.241,0.249,0.285,0.374,0.288,0.243,0.265,0.344,0.600,0.430,0.472,0.249,0.446,0.290,0.246,0.246,0.242,0.241,0.436,0.244,0.348,0.245,0.419,0.270,0.261,0.319,0.272,0.247,0.245,0.449,0.269,0.302,0.293,0.459,0.244,0.244,0.476,0.433,0.609,0.486,0.348,0.341,0.346,0.444,0.463,0.481,0.492,0.485,0.557,0.422,0.534,0.372,0.491,0.443,0.610,0.361,0.608,0.565,0.540,0.442,0.549,0.583,0.480
0.263,0.257,0.288,0.268,0.285,0.288,0.261,0.255,0.330,0.385,0.258,0.262,0.268,0.257,0.261,0.266,0.258,0.441,0.253,0.259,0.266,0.308,0.263,0.258,0.259,0.281,0.534,0.363,0.405,0.259,0.379,0.264,0.258,0.260,0.257,0.257,0.369,0.258,0.285,0.258,0.353,0.260,0.258,0.276,0.261,0.258,0.256,0.382,0.259,0.270,0.265,0.392,0.257,0.256,0.409,0.366,0.542,0.420,0.286,0.280,0.285,0.378,0.396,0.414,0.426,0.419,0.490,0.355,0.468,0.305,0.425,0.376,0.544,0.295,0.541,0.498,0.474,0.375,0.482,0.516,0.414
0.272,0.245,0.330,0.281,0.326,0.331,0.266,0.243,0.377,0.431,0.262,0.275,0.284,0.243,0.270,0.280,0.248,0.487,0.243,0.251,0.275,0.354,0.275,0.245,0.262,0.324,0.580,0.409,0.452,0.251,0.426,0.276,0.248,0.248,0.245,0.243,0.416,0.246,0.328,0.247,0.399,0.265,0.259,0.298,0.266,0.249,0.247,0.429,0.264,0.286,0.279,0.438,0.246,0.246,0.455,0.412,0.589,0.466,0.328,0.321,0.326,0.424,0.443,0.461,0.472,0.465,0.537,0.402,0.514,0.352,0.471,0.423,0.590,0.341,0.588,0.545,0.520,0.422,0.529,0.563,0.460
0.238,0.241,0.262,0.243,0.258,0.263,0.238,0.238,0.308,0.363,0.236,0.237,0.243,0.241,0.237,0.241,0.240,0.419,0.235,0.241,0.242,0.286,0.238,0.241,0.238,0.256,0.512,0.341,0.384,0.241,0.357,0.239,0.240,0.242,0.240,0.241,0.348,0.241,0.260,0.240,0.331,0.238,0.238,0.250,0.239,0.240,0.238,0.361,0.237,0.245,0.240,0.370,0.239,0.238,0.387,0.344,0.520,0.398,0.260,0.255,0.258,0.356,0.375,0.392,0.404,0.397,0.469,0.333,0.446,0.283,0.403,0.355,0.522,0.273,0.520,0.476,0.452,0.354,0.461,0.494,0.392
0.281,0.242,0.344,0.291,0.339,0.344,0.273,0.241,0.390,0.445,0.268,0.285,0.295,0.240,0.279,0.290,0.247,0.500,0.242,0.250,0.283,0.367,0.284,0.243,0.268,0.337,0.593,0.423,0.465,0.250,0.439,0.285,0.247,0.246,0.243,0.241,0.429,0.245,0.341,0.246,0.412,0.271,0.264,0.312,0.273,0.248,0.246,0.442,0.270,0.296,0.288,0.452,0.245,0.245,0.469,0.426,0.602,0.479,0.341,0.334,0.339,0.437,0.456,0.474,0.485,0.478,0.550,0.415,0.527,0.365,0.484,0.436,0.603,0.354,0.601,0.558,0.533,0.435,0.542,0.576,0.473
0.196,0.303,0.147,0.188,0.151,0.145,0.213,0.299,0.144,0.199,0.223,0.188,0.181,0.312,0.197,0.182,0.284,0.254,0.286,0.279,0.201,0.138,0.193,0.302,0.230,0.149,0.347,0.176,0.219,0.277,0.193,0.190,0.287,0.296,0.298,0.309,0.183,0.297,0.142,0.289,0.166,0.221,0.241,0.171,0.212,0.282,0.282,0.196,0.219,0.184,0.185,0.205,0.288,0.283,0.223,0.179,0.356,0.233,0.143,0.154,0.149,0.191,0.210,0.228,0.239,0.232,0.304,0.169,0.281,0.134,0.238,0.190,0.357,0.137,0.355,0.312,0.287,0.189,0.296,0.330,0.227
0.091,0.227,0.070,0.076,0.066,0.071,0.111,0.227,0.116,0.171,0.123,0.081,0.069,0.239,0.091,0.074,0.200,0.227,0.208,0.194,0.092,0.094,0.084,0.225,0.130,0.064,0.320,0.149,0.192,0.190,0.165,0.081,0.206,0.216,0.223,0.237,0.156,0.220,0.069,0.209,0.139,0.117,0.142,0.054,0.111,0.201,0.202,0.169,0.117,0.071,0.077,0.178,0.207,0.201,0.195,0.152,0.328,0.206,0.069,0.063,0.066,0.164,0.183,0.200,0.212,0.205,0.277,0.141,0.254,0.091,0.211,0.163,0.330,0.081,0.328,0.284,0.260,0.162,0.269,0.302,0.200
0.194,0.316,0.136,0.184,0.141,0.134,0.213,0.313,0.115,0.163,0.224,0.186,0.177,0.327,0.196,0.178,0.292,0.218,0.298,0.286,0.198,0.123,0.189,0.314,0.231,0.140,0.311,0.141,0.183,0.284,0.157,0.187,0.296,0.307,0.311,0.325,0.147,0.308,0.134,0.299,0.131,0.221,0.242,0.164,0.211,0.292,0.293,0.160,0.220,0.180,0.182,0.170,0.298,0.293,0.187,0.144,0.320,0.197,0.134,0.145,0.139,0.155,0.174,0.192,0.203,0.196,0.268,0.134,0.245,0.121,0.202,0.154,0.321,0.126,0.319,0.276,0.251,0.153,0.260,0.294,0.191
0.172,0.305,0.110,0.160,0.115,0.110,0.193,0.304,0.111,0.166,0.205,0.164,0.153,0.317,0.175,0.156,0.280,0.222,0.287,0.274,0.175,0.106,0.166,0.303,0.213,0.117,0.314,0.144,0.186,0.271,0.160,0.164,0.285,0.295,0.301,0.315,0.150,0.297,0.111,0.288,0.133,0.200,0.224,0.138,0.193,0.280,0.281,0.163,0.200,0.155,0.160,0.173,0.286,0.281,0.190,0.147,0.323,0.200,0.109,0.121,0.114,0.158,0.177,0.195,0.207,0.199,0.271,0.136,0.248,0.106,0.206,0.157,0.325,0.106,0.322,0.279,0.255,0.156,0.263,0.297,0.195
0.290,0.256,0.322,0.298,0.319,0.323,0.285,0.254,0.345,0.397,0.279,0.292,0.300,0.252,0.288,0.297,0.261,0.453,0.256,0.265,0.293,0.335,0.293,0.256,0.280,0.315,0.545,0.375,0.417,0.265,0.391,0.293,0.261,0.260,0.256,0.253,0.381,0.258,0.319,0.260,0.365,0.283,0.276,0.309,0.284,0.262,0.260,0.394,0.282,0.302,0.295,0.404,0.259,0.260,0.421,0.378,0.554,0.432,0.320,0.315,0.319,0.389,0.408,0.426,0.438,0.430,0.502,0.367,0.479,0.330,0.437,0.388,0.556,0.327,0.553,0.510,0.486,0.387,0.494,0.528,0.426
0.089,0.218,0.105,0.078,0.100,0.105,0.109,0.218,0.151,0.206,0.120,0.081,0.072,0.230,0.091,0.073,0.191,0.262,0.198,0.186,0.093,0.129,0.085,0.216,0.128,0.099,0.355,0.184,0.226,0.182,0.200,0.082,0.197,0.207,0.214,0.228,0.190,0.211,0.103,0.200,0.174,0.116,0.138,0.073,0.108,0.191,0.193,0.203,0.116,0.074,0.077,0.213,0.198,0.192,0.230,0.187,0.363,0.241,0.103,0.096,0.100,0.199,0.217,0.235,0.247,0.239,0.311,0.176,0.289,0.126,0.246,0.197,0.365,0.116,0.362,0.319,0.295,0.196,0.303,0.337,0.235
0.136,0.271,0.111,0.121,0.108,0.111,0.155,0.271,0.142,0.195,0.168,0.125,0.114,0.283,0.136,0.119,0.245,0.250,0.252,0.239,0.137,0.125,0.130,0.269,0.174,0.108,0.343,0.173,0.215,0.235,0.189,0.127,0.250,0.261,0.267,0.282,0.179,0.264,0.114,0.253,0.163,0.162,0.186,0.103,0.156,0.245,0.246,0.193,0.161,0.116,0.122,0.202,0.251,0.245,0.219,0.176,0.352,0.229,0.112,0.109,0.110,0.187,0.206,0.224,0.235,0.228,0.300,0.166,0.277,0.123,0.234,0.186,0.353,0.117,0.351,0.308,0.283,0.185,0.292,0.326,0.223
0.171,0.301,0.112,0.158,0.116,0.110,0.189,0.301,0.113,0.164,0.202,0.161,0.152,0.313,0.172,0.154,0.275,0.220,0.282,0.269,0.174,0.107,0.166,0.299,0.208,0.115,0.313,0.142,0.185,0.265,0.159,0.163,0.281,0.291,0.297,0.312,0.149,0.294,0.108,0.283,0.133,0.197,0.220,0.138,0.189,0.275,0.276,0.162,0.196,0.154,0.157,0.171,0.281,0.275,0.188,0.146,0.322,0.199,0.109,0.123,0.114,0.157,0.176,0.194,0.205,0.198,0.270,0.136,0.247,0.106,0.204,0.156,0.323,0.105,0.321,0.278,0.253,0.155,0.262,0.296,0.193
0.115,0.250,0.116,0.102,0.111,0.115,0.134,0.250,0.156,0.211,0.147,0.105,0.098,0.262,0.116,0.099,0.224,0.266,0.231,0.218,0.117,0.135,0.109,0.248,0.154,0.112,0.359,0.189,0.231,0.214,0.205,0.107,0.229,0.240,0.246,0.261,0.195,0.243,0.118,0.232,0.178,0.141,0.165,0.094,0.135,0.224,0.225,0.208,0.141,0.099,0.102,0.218,0.230,0.224,0.235,0.192,0.368,0.245,0.116,0.110,0.112,0.203,0.222,0.240,0.251,0.244,0.316,0.181,0.293,0.134,0.251,0.202,0.369,0.125,0.367,0.324,0.299,0.201,0.308,0.342,0.240
